25.05056	100
24.9902	-25.9744
24.93013	-9.5531
24.87034	8.41283
24.81084	25.81684
24.75163	36.7892
24.6927	38.63091
24.63404	39.36833
24.57567	40.02016
24.51757	41.14422
24.45975	43.417
24.4022	43.59851
24.34491	43.57705
24.2879	45.69448
24.23115	46.43444
24.17467	45.75699
24.11845	40.59104
24.06249	35.50056
24.00679	37.13349
23.95134	38.18178
23.89616	45.14761
23.84123	56.45893
23.78654	70.43816
23.73211	82.36716
23.67793	85.40115
23.62399	90.44687
23.5703	92.57902
23.51686	91.87954
23.46365	90.89734
23.41068	90.29436
23.35796	90.21457
23.30547	91.31154
23.25321	93.61354
23.20119	97.0744
23.1494	99.09228
23.09785	99.17119
23.04652	99.16387
22.99541	98.94328
22.94454	98.39933
22.89389	97.22449
22.84346	95.4162
22.79326	94.04776
22.74328	92.18269
22.69351	91.72512
22.64396	92.71048
22.59463	90.89708
22.5455	87.92575
22.4966	86.92377
22.44791	87.05524
22.39942	88.6486
22.35115	90.08309
22.30308	90.4874
22.25522	85.58042
22.20757	85.88848
22.16011	87.50049
22.11286	84.77155
22.06581	82.02332
22.01897	80.52412
21.97231	80.49928
21.92586	81.77945
21.87961	83.10627
21.83354	83.41767
21.78767	84.6191
21.742	85.79917
21.69651	86.9352
21.65122	87.90515
21.60611	88.34578
21.56119	88.0992
21.51646	88.07766
21.47191	88.94269
21.42755	91.26729
21.38337	91.98014
21.33937	92.26103
21.29555	92.06967
21.25191	92.33887
21.20845	93.09212
21.16517	94.69424
21.12206	96.21034
21.07913	96.30701
21.03637	97.56337
20.99379	98.75114
20.95138	99.95252
20.90914	99.99974
20.86707	99.99974
20.82517	99.23589
20.78343	97.13002
20.74187	94.3949
20.70047	91.48403
20.65923	87.82593
20.61816	84.71468
20.57725	82.78543
20.5365	82.81319
20.49592	84.49597
20.45549	87.16091
20.41522	89.98364
20.37511	92.21425
20.33516	93.2735
20.29537	92.91757
20.25573	91.29702
20.21625	88.79528
20.17691	86.0219
20.13773	82.89675
20.09871	80.28254
20.05983	81.17479
20.02111	81.39879
19.98253	82.11715
19.9441	84.05292
19.90582	84.41633
19.86769	83.74089
19.8297	83.3577
19.79186	84.78972
19.75416	86.67586
19.7166	88.36598
19.67919	90.13201
19.64192	92.67315
19.60479	94.35662
19.5678	95.94063
19.53095	96.47308
19.49423	95.89096
19.45766	95.52757
19.42122	95.16807
19.38492	95.13293
19.34876	94.79992
19.31273	95.08893
19.27683	95.40829
19.24106	94.26577
19.20543	92.74268
19.16993	92.49981
19.13456	92.66258
19.09933	93.25598
19.06421	94.0841
19.02923	94.77665
18.99438	94.82157
18.95966	94.0806
18.92506	93.08067
18.89059	91.91057
18.85624	90.85622
18.82202	89.79741
18.78792	88.60142
18.75395	87.94124
18.7201	87.80887
18.68637	88.16301
18.65276	88.94358
18.61927	90.01183
18.5859	92.44122
18.55265	93.5388
18.51952	94.84022
18.48651	96.07632
18.45362	96.71502
18.42084	96.60294
18.38818	95.72188
18.35563	94.20918
18.3232	92.3315
18.29089	90.73399
18.25868	89.16555
18.2266	88.1345
18.19462	87.75149
18.16275	87.98283
18.131	88.51636
18.09936	89.17042
18.06783	90.11667
18.03641	90.97119
18.00509	91.69696
17.97389	92.32007
17.94279	92.90905
17.9118	93.53227
17.88092	94.22771
17.85014	95.00264
17.81947	95.2457
17.78891	95.0832
17.75845	94.38038
17.72809	93.3926
17.69784	92.02528
17.66769	90.39884
17.63764	88.68869
17.6077	88.59488
17.57785	87.36936
17.54811	86.67243
17.51847	87.04961
17.48893	87.60467
17.45948	88.63473
17.43014	89.99301
17.40089	91.45106
17.37175	92.47279
17.3427	92.61166
17.31374	93.01111
17.28489	93.56013
17.25613	94.06697
17.22746	93.48089
17.1989	92.74186
17.17042	91.98329
17.14204	91.32856
17.11375	90.87603
17.08556	90.68584
17.05746	90.77365
17.02945	91.11305
17.00153	91.64422
16.9737	92.27963
16.94597	92.93004
16.91832	93.51756
16.89077	93.99793
16.86331	94.36847
16.83593	94.65793
16.80864	94.90528
16.78145	95.13795
16.75433	95.35846
16.72731	95.54364
16.70038	95.65791
16.67353	95.6762
16.64676	95.60607
16.62009	95.49537
16.59349	95.41906
16.56699	95.45086
16.54056	95.14642
16.51422	94.56268
16.48797	94.00981
16.4618	93.58122
16.43571	93.35458
16.4097	93.36726
16.38378	93.60627
16.35794	94.01602
16.33218	94.51694
16.3065	95.02617
16.2809	95.40855
16.25538	95.29397
16.22994	95.43498
16.20458	95.82551
16.1793	96.45833
16.1541	97.16596
16.12898	97.7443
16.10393	98.36032
16.07896	98.88502
16.05408	99.18001
16.02926	99.133
16.00452	98.36503
15.97987	96.93258
15.95528	95.34174
15.93077	93.87314
15.90634	92.77594
15.88198	92.20835
15.85769	92.20361
15.83348	92.67262
15.80935	93.44001
15.78528	94.29843
15.7613	94.95344
15.73738	95.23
15.71353	95.34044
15.68976	95.31967
15.66606	95.24546
15.64243	95.20776
15.61887	95.28287
15.59539	95.52007
15.57197	95.9406
15.54862	96.54338
15.52535	97.30885
15.50214	98.19411
15.479	99.05416
15.45593	99.78733
15.43293	99.77339
15.41	99.73395
15.38714	99.71409
15.36434	98.71278
15.34162	97.27326
15.31895	95.76762
15.29636	94.50687
15.27383	93.7288
15.25137	93.54729
15.22898	93.93166
15.20665	94.71391
15.18438	95.63788
15.16218	96.45152
15.14005	96.9975
15.11798	97.24464
15.09597	97.25034
15.07403	97.0974
15.05215	96.85434
15.03034	96.57738
15.00859	96.32607
14.9869	96.14778
14.96527	96.06358
14.94371	96.06124
14.9222	96.16942
14.90076	96.43334
14.87939	96.71948
14.85807	96.86374
14.83681	96.71003
14.81562	96.13433
14.79448	95.07898
14.77341	93.60746
14.75239	91.95975
14.73144	90.55258
14.71054	89.88431
14.68971	90.28347
14.66893	91.7798
14.64821	94.06548
14.62755	96.61149
14.60695	98.84633
14.5864	99.99968
14.56592	99.99969
14.54549	99.99969
14.52512	99.24393
14.5048	97.78253
14.48454	96.34073
14.46434	95.18059
14.4442	94.37043
14.42411	93.98745
14.40407	93.94511
14.3841	94.0966
14.36417	94.28699
14.3443	94.40071
14.32449	94.39126
14.30473	94.28575
14.28503	94.16658
14.26538	94.13809
14.24579	94.28764
14.22624	94.65114
14.20676	95.01289
14.18732	95.45522
14.16794	95.94701
14.14861	96.40152
14.12933	96.76169
14.11011	96.77446
14.09094	96.54544
14.07182	96.32749
14.05275	96.24901
14.03374	96.39004
14.01477	96.76116
13.99586	97.30036
13.977	97.88688
13.95819	98.25524
13.93943	98.29938
13.92072	98.30993
13.90205	98.22105
13.88344	97.71644
13.86488	97.2118
13.84637	96.84167
13.82791	96.65882
13.8095	96.62374
13.79113	96.62791
13.77282	96.5359
13.75455	96.23524
13.73633	95.67892
13.71816	94.90443
13.70004	94.02138
13.68197	93.17272
13.66394	92.48485
13.64596	92.02778
13.62803	91.80229
13.61015	91.75736
13.59231	91.82694
13.57452	91.96646
13.55677	92.17195
13.53908	92.474
13.52142	92.91253
13.50382	93.50616
13.48626	94.23024
13.46874	94.70736
13.45127	95.09149
13.43385	95.43117
13.41647	95.66065
13.39914	95.75922
13.38185	95.75968
13.3646	95.73448
13.3474	95.76545
13.33025	95.90971
13.31313	96.14968
13.29607	96.48426
13.27904	96.86441
13.26206	97.13309
13.24512	97.27471
13.22823	97.27909
13.21138	97.17191
13.19457	96.96797
13.17781	96.50608
13.16108	96.0386
13.1444	95.63148
13.12776	95.32435
13.11117	95.12967
13.09461	95.04709
13.0781	95.07572
13.06163	95.21973
13.0452	95.48497
13.02881	95.86886
13.01246	96.34887
12.99616	96.87648
12.97989	97.38206
12.96366	97.7906
12.94748	97.89292
12.93134	97.87734
12.91523	97.8048
12.89917	97.71102
12.88315	97.57857
12.86716	97.39109
12.85122	97.31376
12.83531	97.34597
12.81945	97.23099
12.80362	97.09794
12.78783	96.94705
12.77208	96.77469
12.75637	96.57123
12.7407	96.32506
12.72507	96.03143
12.70948	95.70174
12.69392	95.36764
12.6784	95.07704
12.66292	94.88225
12.64748	94.82455
12.63207	94.92112
12.61671	95.11227
12.60138	95.27624
12.58608	95.58528
12.57083	95.9534
12.55561	96.28629
12.54043	96.49899
12.52528	96.52995
12.51017	96.34984
12.4951	95.96431
12.48006	95.4102
12.46506	94.74692
12.4501	94.04525
12.43517	93.37725
12.42028	92.80699
12.40542	92.38444
12.3906	92.14139
12.37581	92.09064
12.36106	92.22901
12.34635	92.543
12.33167	93.01431
12.31702	93.62222
12.30241	94.34195
12.28783	95.1398
12.27329	95.96852
12.25878	96.76642
12.24431	97.46309
12.22987	97.99179
12.21547	98.30458
12.2011	98.38423
12.18676	98.2481
12.17245	97.94355
12.15818	97.53761
12.14395	97.10541
12.12974	96.72031
12.11557	96.44641
12.10144	96.33272
12.08733	96.40758
12.07326	96.6733
12.05922	97.10162
12.04522	97.3878
12.03124	97.68696
12.0173	97.97349
12.00339	98.19948
11.98952	98.32567
11.97567	98.33508
11.96186	98.23039
11.94808	98.03363
11.93433	97.68712
11.92061	97.29828
11.90692	97.02844
11.89327	96.89165
11.87965	96.868
11.86605	96.91279
11.85249	96.98219
11.83896	97.14212
11.82546	97.31476
11.812	97.56828
11.79856	97.9397
11.78515	98.44828
11.77177	99.0803
11.75843	99.67105
11.74511	99.9998
11.73182	99.9998
11.71857	99.9998
11.70534	99.9998
11.69214	99.9998
11.67898	99.7607
11.66584	99.3135
11.65273	98.84501
11.63965	98.42001
11.62661	98.09024
11.61359	97.65261
11.60059	97.32479
11.58763	97.11733
11.5747	96.96875
11.5618	96.81429
11.54892	96.61041
11.53608	96.35014
11.52326	96.06701
11.51047	95.82485
11.49771	95.697
11.48497	95.74189
11.47227	95.98284
11.45959	96.39901
11.44694	96.93016
11.43432	97.3634
11.42173	97.58826
11.40917	97.80185
11.39663	97.97379
11.38412	98.08532
11.37164	98.13169
11.35918	98.12099
11.34675	98.07047
11.33435	97.83646
11.32198	97.65424
11.30963	97.56571
11.29731	97.5797
11.28502	97.68033
11.27275	97.71265
11.26051	97.62292
11.2483	97.49563
11.23611	97.33375
11.22395	97.1531
11.21182	96.97874
11.19971	96.83727
11.18763	96.74774
11.17557	96.71441
11.16354	96.72385
11.15154	96.74825
11.13956	96.75413
11.12761	96.7141
11.11568	96.61772
11.10378	96.47743
11.09191	96.32678
11.08005	96.21086
11.06823	96.17183
11.05643	96.1592
11.04466	96.1829
11.03291	96.22619
11.02118	96.25931
11.00948	96.26391
10.99781	96.23616
10.98616	96.18306
10.97453	96.11568
10.96293	96.04399
10.95135	95.97562
10.9398	95.91739
10.92827	95.87665
10.91677	95.86039
10.90529	95.87133
10.89384	95.87964
10.8824	95.83159
10.871	95.78724
10.85961	95.72804
10.84825	95.64388
10.83692	95.50405
10.82561	95.18959
10.81432	94.84563
10.80305	94.53394
10.79181	94.31609
10.78059	94.23643
10.7694	94.3099
10.75823	94.51845
10.74708	94.81666
10.73595	95.14418
10.72485	95.44059
10.71377	95.65874
10.70272	95.77306
10.69168	95.78188
10.68067	95.70412
10.66968	95.57178
10.65872	95.42033
10.64777	95.27907
10.63685	95.16364
10.62595	95.07251
10.61508	94.9887
10.60422	94.88703
10.59339	94.74502
10.58258	94.55457
10.5718	94.33015
10.56103	94.10963
10.55029	93.94602
10.53956	93.89138
10.52886	93.97762
10.51819	94.18574
10.50753	94.2876
10.49689	94.42808
10.48628	94.55219
10.47569	94.61385
10.46512	94.59068
10.45457	94.48985
10.44404	94.34315
10.43353	94.01753
10.42305	93.57672
10.41258	93.22521
10.40214	93.0045
10.39171	92.92473
10.38131	92.96926
10.37093	93.10479
10.36057	93.29206
10.35023	93.49366
10.33991	93.6779
10.32961	93.82036
10.31933	93.90509
10.30908	93.92695
10.29884	93.89369
10.28862	93.82574
10.27843	93.75171
10.26825	93.70033
10.25809	93.69102
10.24796	93.72714
10.23784	93.79438
10.22774	93.86579
10.21767	93.91187
10.20761	93.91206
10.19757	93.8627
10.18756	93.77858
10.17756	93.68769
10.16758	93.62208
10.15762	93.60874
10.14768	93.66404
10.13776	93.7929
10.12786	93.99184
10.11798	94.25342
10.10812	94.56899
10.09828	94.92859
10.08845	95.24129
10.07865	95.36431
10.06887	95.49532
10.0591	95.62952
10.04935	95.75638
10.03962	95.86357
10.02991	95.94069
10.02022	95.98107
10.01055	95.98144
10.0009	95.94087
9.99127	95.86055
9.98164	95.74531
9.97205	95.60602
9.96247	95.42004
9.95291	95.2443
9.94336	95.11942
9.93384	95.05916
9.92434	95.07457
9.91485	95.17067
9.90538	95.34392
9.89592	95.58146
9.88649	95.86209
9.87708	96.15862
9.86768	96.35547
9.8583	96.4863
9.84894	96.57554
9.83959	96.61587
9.83027	96.6006
9.82095	96.52764
9.81167	96.40337
9.80239	96.24365
9.79314	96.04205
9.78389	95.81349
9.77467	95.63477
9.76547	95.51596
9.75629	95.4551
9.74712	95.44293
9.73796	95.46859
9.72883	95.48815
9.71971	95.51799
9.71061	95.59941
9.70152	95.736
9.69246	95.81502
9.68341	95.8174
9.67438	95.75529
9.66536	95.63065
9.65636	95.46563
9.64738	95.29828
9.63841	95.17089
9.62947	95.11539
9.62053	95.14185
9.61161	95.23538
9.60272	95.3628
9.59384	95.48671
9.58496	95.58062
9.57611	95.6389
9.56728	95.67705
9.55847	95.72225
9.54966	95.79861
9.54087	95.9139
9.53211	96.05407
9.52336	96.19836
9.51461	96.2422
9.50589	96.22577
9.49719	96.15736
9.4885	96.06749
9.47983	95.99901
9.47117	95.99216
9.46253	96.06991
9.4539	96.16973
9.4453	96.24942
9.4367	96.3458
9.42812	96.42277
9.41956	96.44881
9.41101	96.40477
9.40247	96.28734
9.39396	96.10877
9.38546	95.89403
9.37698	95.67626
9.36851	95.49095
9.36004	95.36992
9.35161	95.33569
9.34318	95.39778
9.33478	95.37008
9.32637	95.41166
9.318	95.537
9.30963	95.73215
9.30129	95.97033
9.29295	96.21499
9.28463	96.42627
9.27633	96.5696
9.26804	96.62377
9.25976	96.5857
9.2515	96.47022
9.24325	96.30501
9.23503	96.06306
9.22681	95.8154
9.2186	95.65147
9.21042	95.58564
9.20225	95.60788
9.19409	95.63679
9.18594	95.64731
9.17781	95.68434
9.1697	95.74314
9.1616	95.81687
9.15351	95.89514
9.14544	95.96511
9.13739	96.01506
9.12934	96.03901
9.12132	96.03965
9.11329	96.02756
9.1053	96.01633
9.09731	96.01577
9.08934	96.0266
9.08137	96.03973
9.07343	96.0411
9.0655	96.02007
9.05759	95.97718
9.04968	95.92739
9.04179	95.89634
9.03391	95.90926
9.02605	95.9574
9.0182	96.04085
9.01036	96.12131
9.00255	96.1614
8.99474	96.1358
8.98695	96.05095
8.97916	95.94959
8.97139	95.89256
8.96364	95.93497
8.9559	96.10359
8.94817	96.38541
8.94046	96.73249
8.93276	97.08074
8.92507	97.37474
8.91739	97.58757
8.90973	97.72771
8.90209	97.83074
8.89445	97.94039
8.88684	98.0876
8.87922	98.27654
8.87163	98.45873
8.86405	98.5785
8.85648	98.66493
8.84892	98.69466
8.84137	98.66303
8.83384	98.58327
8.82633	98.479
8.81882	98.374
8.81133	98.28408
8.80385	98.21427
8.79638	98.16171
8.78892	98.12191
8.78148	98.09436
8.77405	98.08468
8.76664	98.1018
8.75924	98.15197
8.75184	98.23231
8.74446	98.32933
8.7371	98.42059
8.72974	98.40277
8.7224	98.29894
8.71507	98.19768
8.70775	98.12718
8.70045	98.1151
8.69315	98.18006
8.68587	98.26249
8.6786	98.29302
8.67135	98.36025
8.6641	98.44516
8.65687	98.52694
8.64965	98.59152
8.64244	98.63629
8.63525	98.66953
8.62806	98.70508
8.62089	98.75509
8.61373	98.82411
8.60659	98.90701
8.59944	98.99131
8.59232	99.06276
8.58521	99.08176
8.57811	99.06985
8.57101	99.07972
8.56394	99.10748
8.55687	99.1108
8.54982	99.09619
8.54278	99.0825
8.53574	99.0691
8.52873	99.05684
8.52172	99.04937
8.51473	99.05221
8.50773	99.06904
8.50076	99.09804
8.4938	99.1301
8.48685	99.1473
8.47991	99.03358
8.47298	98.89027
8.46607	98.73866
8.45916	98.6066
8.45226	98.51855
8.44538	98.4854
8.43851	98.4981
8.43165	98.52859
8.42481	98.53849
8.41796	98.49266
8.41114	98.37271
8.40432	98.18512
8.39752	97.96036
8.39072	97.74318
8.38394	97.57772
8.37717	97.49315
8.37041	97.49499
8.36365	97.56529
8.35691	97.67071
8.35019	97.77512
8.34347	97.85154
8.33677	97.88914
8.33006	97.89297
8.32338	97.87798
8.31671	97.86042
8.31004	97.85081
8.30339	97.85092
8.29674	97.85653
8.29011	97.8618
8.28349	97.86431
8.27688	97.86716
8.27028	97.87721
8.26369	97.86239
8.25711	97.81628
8.25054	97.75001
8.24398	97.66346
8.23744	97.55841
8.2309	97.43847
8.22437	97.30842
8.21785	97.1736
8.21135	97.03922
8.20485	96.91037
8.19837	96.79225
8.19189	96.65694
8.18542	96.60461
8.17897	96.56147
8.17253	96.54329
8.16609	96.55647
8.15966	96.59475
8.15325	96.64684
8.14685	96.69864
8.14045	96.73682
8.13406	96.75221
8.12769	96.74193
8.12133	96.70934
8.11497	96.66204
8.10862	96.60874
8.10229	96.55658
8.09597	96.50972
8.08965	96.46995
8.08334	96.43864
8.07705	96.41883
8.07076	96.41619
8.06449	96.43819
8.05822	96.49147
8.05196	96.57869
8.04572	96.69625
8.03948	96.83399
8.03326	96.9775
8.02704	97.11203
8.02083	97.2269
8.01463	97.18219
8.00844	97.13398
8.00226	97.12034
7.99609	97.1539
7.98993	97.23343
7.98378	97.34326
7.97764	97.45774
7.97151	97.54906
7.96539	97.59531
7.95927	97.58595
7.95317	97.52328
7.94707	97.41958
7.94099	97.29234
7.93491	97.15947
7.92884	97.03673
7.92279	96.93725
7.91674	96.87205
7.9107	96.85001
7.90468	96.87631
7.89865	96.94974
7.89264	97.06106
7.88664	97.19369
7.88065	97.3278
7.87466	97.4464
7.86869	97.54042
7.86272	97.61026
7.85677	97.6627
7.85082	97.70444
7.84488	97.73572
7.83895	97.74758
7.83303	97.72432
7.82712	97.65047
7.82121	97.51902
7.81532	97.33666
7.80944	97.12318
7.80356	96.90469
7.79769	96.70362
7.79183	96.53014
7.78599	96.37891
7.78015	96.23271
7.77431	96.0711
7.76849	95.87995
7.76267	95.65733
7.75687	95.4131
7.75107	95.16273
7.74528	94.91906
7.7395	94.68665
7.73373	94.46155
7.72797	94.23621
7.72221	94.0064
7.71647	93.77577
7.71073	93.55526
7.705	93.35701
7.69928	93.18647
7.69357	93.03661
7.68787	92.88807
7.68217	92.71586
7.67649	92.5002
7.67081	92.23648
7.66514	91.9396
7.65948	91.6402
7.65383	91.37424
7.64818	91.16981
7.64254	91.03693
7.63692	90.96363
7.6313	90.92001
7.62568	90.86806
7.62008	90.77371
7.61449	90.61675
7.6089	90.39539
7.60332	90.12476
7.59775	89.83036
7.59219	89.53927
7.58664	89.27225
7.58109	89.03889
7.57555	88.83657
7.57002	88.65286
7.5645	88.46982
7.55899	88.26893
7.55348	88.03579
7.54798	87.76389
7.5425	87.45695
7.53702	87.12936
7.53154	86.80392
7.52607	86.50673
7.52062	86.26161
7.51517	86.085
7.50973	85.984
7.50429	85.9577
7.49887	86.00026
7.49345	86.10308
7.48804	86.25427
7.48263	86.43513
7.47724	86.6163
7.47185	86.75812
7.46648	86.81923
7.4611	86.77177
7.45574	86.61449
7.45038	86.37545
7.44504	86.1033
7.43969	85.8528
7.43436	85.67045
7.42903	85.58353
7.42372	85.59394
7.4184	85.67846
7.4131	85.79649
7.40781	85.90349
7.40252	85.96566
7.39724	85.96975
7.39197	85.92427
7.3867	85.85262
7.38145	85.78208
7.3762	85.73362
7.37095	85.7164
7.36572	85.72818
7.36049	85.76028
7.35527	85.80403
7.35006	85.85664
7.34485	85.92296
7.33965	86.01297
7.33446	86.13601
7.32928	86.29551
7.3241	86.48731
7.31894	86.70137
7.31377	86.9241
7.30862	87.13961
7.30347	87.33021
7.29833	87.47814
7.2932	87.56983
7.28808	87.60266
7.28296	87.5905
7.27785	87.56347
7.27274	87.55916
7.26765	87.60864
7.26255	87.72501
7.25747	87.90026
7.2524	88.11136
7.24733	88.33137
7.24227	88.53974
7.23721	88.72811
7.23217	88.90023
7.22713	89.06705
7.2221	89.2395
7.21707	89.42174
7.21205	89.60919
7.20704	89.7934
7.20204	89.97168
7.19704	90.15483
7.19205	90.36784
7.18706	90.64346
7.18209	91.01091
7.17712	91.48207
7.17215	92.03855
7.16719	92.62657
7.16225	93.16983
7.1573	93.6004
7.15236	93.88905
7.14744	94.0527
7.14252	94.13717
7.1376	94.19187
7.13269	94.25176
7.12779	94.33098
7.12289	94.42571
7.11801	94.52218
7.11312	94.56165
7.10825	94.55592
7.10338	94.5548
7.09852	94.55579
7.09366	94.55757
7.08881	94.56013
7.08397	94.56419
7.07913	94.57009
7.07431	94.57609
7.06948	94.57653
7.06467	94.56039
7.05986	94.512
7.05506	94.39257
7.05026	94.12172
7.04547	93.80458
7.04069	93.48403
7.03591	93.19684
7.03114	92.9571
7.02637	92.75416
7.02162	92.56203
7.01687	92.35154
7.01213	92.10097
7.00738	91.80312
7.00265	91.46747
6.99793	91.11652
6.99321	90.77794
6.9885	90.47692
6.98379	90.23242
6.97909	90.05841
6.9744	89.96755
6.96971	89.9729
6.96503	90.08386
6.96036	90.29719
6.95569	90.59035
6.95103	90.92451
6.94637	91.2554
6.94172	91.54219
6.93708	91.70445
6.93244	91.81845
6.92781	91.88786
6.92318	91.89158
6.91857	91.75894
6.91396	91.5595
6.90935	91.31649
6.90475	91.05557
6.90015	90.7982
6.89557	90.55635
6.89098	90.33002
6.88641	90.1072
6.88184	89.86464
6.87728	89.57104
6.87272	89.19779
6.86816	88.74092
6.86362	88.24081
6.85908	87.76917
6.85455	87.38376
6.85002	87.09835
6.8455	86.89074
6.84098	86.72443
6.83648	86.56291
6.83197	86.3764
6.82747	86.14547
6.82298	85.86303
6.8185	85.53274
6.81402	85.16381
6.80954	84.76485
6.80507	84.34097
6.80061	83.89698
6.79616	83.44596
6.7917	83.01702
6.78726	82.6498
6.78282	82.3722
6.77839	82.18189
6.77396	82.05329
6.76954	81.95876
6.76512	81.88214
6.76071	81.81972
6.7563	81.77511
6.75191	81.75286
6.74752	81.75279
6.74313	81.76647
6.73875	81.77653
6.73437	81.75889
6.73	81.68788
6.72564	81.54475
6.72128	81.32833
6.71692	81.06079
6.71258	80.77849
6.70824	80.51008
6.7039	80.25948
6.69957	80.00684
6.69524	79.72145
6.69092	79.37765
6.68661	78.97049
6.6823	78.52738
6.678	78.10479
6.6737	77.76303
6.66941	77.53436
6.66512	77.41096
6.66084	77.3568
6.65657	77.32592
6.6523	77.27361
6.64803	77.16363
6.64377	76.9828
6.63952	76.76595
6.63527	76.60021
6.63103	76.56912
6.62679	76.68683
6.62256	76.9103
6.61834	77.19189
6.61412	77.50179
6.6099	77.82112
6.60569	78.1297
6.60148	78.3986
6.59729	78.59014
6.59309	78.66489
6.5889	78.59484
6.58472	78.37818
6.58054	78.04883
6.57637	77.67108
6.5722	77.31421
6.56804	77.01944
6.56388	76.78514
6.55973	76.58151
6.55558	76.37756
6.55144	76.15879
6.5473	75.93022
6.54318	75.71085
6.53905	75.52536
6.53493	75.39592
6.53081	75.33561
6.5267	75.34529
6.5226	75.41473
6.5185	75.52726
6.5144	75.66478
6.51031	75.81095
6.50623	75.952
6.50215	76.07687
6.49808	76.17904
6.49401	76.26037
6.48995	76.33206
6.48589	76.40595
6.48183	76.48282
6.47778	76.55268
6.47374	76.60421
6.4697	76.62971
6.46567	76.62494
6.46164	76.58829
6.45762	76.52169
6.4536	76.43204
6.44958	76.33148
6.44557	76.23525
6.44157	76.15736
6.43757	76.10604
6.43358	76.08144
6.42959	76.0771
6.42561	76.08538
6.42163	76.10562
6.41766	76.14598
6.41369	76.21043
6.40972	76.28807
6.40576	76.36425
6.40181	76.43363
6.39786	76.49894
6.39392	76.56593
6.38998	76.64136
6.38604	76.73236
6.38211	76.84451
6.37819	76.97878
6.37427	77.12926
6.37035	77.28459
6.36644	77.43265
6.36253	77.56499
6.35863	77.6778
6.35474	77.77007
6.35085	77.84137
6.34696	77.8912
6.34308	77.9212
6.3392	77.93818
6.33533	77.9563
6.33146	77.99617
6.3276	78.08126
6.32374	78.23308
6.31989	78.46582
6.31604	78.78081
6.31219	79.16256
6.30835	79.57865
6.30452	79.98576
6.30069	80.34047
6.29686	80.61075
6.29304	80.78405
6.28923	80.86938
6.28541	80.89327
6.2816	80.89053
6.2778	80.8928
6.27401	80.91887
6.27021	80.97081
6.26642	81.03675
6.26264	81.0984
6.25886	81.13976
6.25509	81.15358
6.25132	81.14396
6.24755	81.12429
6.24379	81.11212
6.24003	81.12302
6.23628	81.16579
6.23253	81.24011
6.22879	81.33667
6.22505	81.4397
6.22132	81.53092
6.21758	81.59351
6.21386	81.61449
6.21014	81.58515
6.20642	81.50069
6.20271	81.36097
6.199	81.17342
6.1953	80.95708
6.1916	80.74368
6.18791	80.57068
6.18422	80.4665
6.18053	80.43632
6.17685	80.45915
6.17317	80.49797
6.1695	80.51507
6.16583	80.4849
6.16217	80.40155
6.15851	80.28022
6.15485	80.15172
6.1512	80.05007
6.14756	79.99784
6.14392	79.99812
6.14028	80.03726
6.13664	80.09497
6.13302	80.15486
6.12939	80.21174
6.12577	80.27566
6.12215	80.37238
6.11854	80.53592
6.11494	80.78777
6.11133	81.1115
6.10773	81.45332
6.10414	81.75743
6.10055	81.9995
6.09696	82.18963
6.09338	82.35754
6.0898	82.53904
6.08623	82.76809
6.08266	83.07114
6.07909	83.4607
6.07553	83.92973
6.07197	84.45258
6.06842	84.99516
6.06487	85.52636
6.06133	86.01797
6.05779	86.43257
6.05425	86.71758
6.05072	86.82576
6.04719	86.75197
6.04367	86.54527
6.04015	86.28122
6.03663	86.02646
6.03312	85.82326
6.02961	85.69144
6.02611	85.63533
6.02261	85.64834
6.01911	85.71486
6.01562	85.81236
6.01213	85.916
6.00865	86.00462
6.00517	86.06466
6.00169	86.08946
5.99822	86.07493
5.99476	86.01489
5.9913	85.8986
5.98784	85.71283
5.98438	85.44873
5.98093	85.11022
5.97748	84.71842
5.97404	84.30842
5.9706	83.9205
5.96716	83.5908
5.96373	83.3442
5.96031	83.18974
5.95688	83.11709
5.95346	83.09303
5.95005	83.05856
5.94664	82.93148
5.94323	82.62594
5.93982	82.09728
5.93642	81.38872
5.93303	80.62157
5.92964	79.91833
5.92625	79.33731
5.92286	78.87171
5.91948	78.48358
5.91611	78.13232
5.91273	77.78829
5.90936	77.43659
5.906	77.07576
5.90264	76.71373
5.89928	76.3617
5.89592	76.02837
5.89257	75.71625
5.88923	75.42263
5.88589	75.14342
5.88255	74.8761
5.87921	74.62025
5.87588	74.37637
5.87256	74.14431
5.86923	73.9227
5.86591	73.71038
5.8626	73.50911
5.85928	73.32521
5.85597	73.16813
5.85267	73.04687
5.84937	72.96596
5.84607	72.92298
5.84278	72.90767
5.83949	72.90186
5.8362	72.88079
5.83292	72.8181
5.82964	72.69761
5.82637	72.52668
5.82309	72.3337
5.81983	72.1456
5.81656	71.97232
5.8133	71.81173
5.81005	71.65974
5.80679	71.51435
5.80354	71.37546
5.8003	71.24427
5.79705	71.12246
5.79382	71.01148
5.79058	70.91217
5.78735	70.825
5.78412	70.75072
5.7809	70.69164
5.77768	70.65122
5.77446	70.63177
5.77125	70.62975
5.76804	70.63207
5.76483	70.61979
5.76163	70.57852
5.75843	70.50587
5.75523	70.40993
5.75204	70.30229
5.74885	70.19201
5.74567	70.08232
5.74249	69.9699
5.73931	69.84597
5.73614	69.69877
5.73297	69.51665
5.7298	69.29127
5.72663	69.0214
5.72347	68.71725
5.72032	68.4025
5.71716	68.10993
5.71401	67.86987
5.71087	67.69883
5.70772	67.59724
5.70458	67.55569
5.70145	67.56179
5.69831	67.60321
5.69519	67.66796
5.69206	67.74449
5.68894	67.82304
5.68582	67.89762
5.6827	67.9666
5.67959	68.03167
5.67648	68.0939
5.67338	68.15041
5.67027	68.1932
5.66718	68.21074
5.66408	68.19075
5.66099	68.12336
5.6579	68.00401
5.65482	67.83623
5.65173	67.63412
5.64865	67.42185
5.64558	67.2274
5.64251	67.07153
5.63944	66.96119
5.63637	66.8941
5.63331	66.86824
5.63026	66.886
5.6272	66.95053
5.62415	67.05874
5.6211	67.19528
5.61806	67.33101
5.61502	67.42851
5.61197	67.45424
5.60894	67.39213
5.60591	67.24994
5.60288	67.05399
5.59986	66.83624
5.59683	66.62093
5.59381	66.41646
5.5908	66.21382
5.58779	65.99175
5.58478	65.72724
5.58177	65.40851
5.57877	65.04298
5.57577	64.65442
5.57277	64.27119
5.56978	63.91476
5.56679	63.59507
5.56381	63.31265
5.56082	63.06285
5.55784	62.83929
5.55486	62.63437
5.55189	62.43773
5.54892	62.23541
5.54595	62.01143
5.54299	61.75191
5.54003	61.44948
5.53707	61.106
5.53411	60.73326
5.53116	60.35157
5.52822	59.98545
5.52527	59.65671
5.52233	59.37657
5.51939	59.14196
5.51645	58.93854
5.51352	58.74929
5.51059	58.56222
5.50766	58.37346
5.50474	58.18526
5.50182	58.00124
5.4989	57.82234
5.49599	57.64515
5.49308	57.46367
5.49017	57.2731
5.48727	57.07355
5.48436	56.87183
5.48146	56.68
5.47857	56.51122
5.47568	56.37423
5.47279	56.2692
5.4699	56.18766
5.46702	56.11735
5.46414	56.04937
5.46126	55.98227
5.45838	55.92116
5.45551	55.87315
5.45265	55.8426
5.44978	55.82865
5.44692	55.82599
5.44406	55.82744
5.4412	55.82678
5.43835	55.82029
5.4355	55.80635
5.43265	55.78409
5.42981	55.75231
5.42697	55.71028
5.42413	55.65996
5.42129	55.60759
5.41846	55.56257
5.41563	55.53414
5.4128	55.52801
5.40998	55.54476
5.40716	55.57993
5.40434	55.62543
5.40153	55.6719
5.39871	55.71136
5.39591	55.73926
5.3931	55.75492
5.3903	55.76004
5.3875	55.75615
5.3847	55.74257
5.38191	55.71666
5.37911	55.67644
5.37633	55.62407
5.37354	55.56773
5.37076	55.52053
5.36798	55.4962
5.3652	55.50329
5.36242	55.54023
5.35965	55.59327
5.35689	55.63932
5.35412	55.65407
5.35136	55.62208
5.3486	55.54318
5.34584	55.43072
5.34309	55.30389
5.34033	55.17939
5.33759	55.06728
5.33484	54.9712
5.3321	54.89196
5.32936	54.83181
5.32662	54.79729
5.32389	54.79847
5.32116	54.84492
5.31843	54.94021
5.3157	55.07825
5.31298	55.24281
5.31026	55.41055
5.30754	55.55536
5.30482	55.65331
5.30211	55.68653
5.2994	55.6459
5.2967	55.53224
5.29399	55.35617
5.29129	55.13704
5.28859	54.90105
5.2859	54.67823
5.28321	54.49773
5.28051	54.38199
5.27783	54.34141
5.27514	54.37145
5.27246	54.45389
5.26978	54.56199
5.26711	54.66816
5.26443	54.75158
5.26176	54.80354
5.25909	54.82865
5.25643	54.84228
5.25376	54.8655
5.25111	54.9198
5.24845	55.02341
5.24579	55.18933
5.24314	55.4248
5.24049	55.73122
5.23785	56.10417
5.2352	56.53408
5.23256	57.00758
5.22992	57.5095
5.22728	58.02444
5.22465	58.53786
5.22202	59.03649
5.21939	59.50915
5.21677	59.94783
5.21414	60.34885
5.21152	60.71329
5.20891	61.04623
5.20629	61.35506
5.20368	61.64791
5.20107	61.93278
5.19846	62.21728
5.19586	62.50873
5.19326	62.81402
5.19066	63.13944
5.18806	63.4905
5.18547	63.87196
5.18288	64.288
5.18028	64.74216
5.1777	65.23657
5.17512	65.77046
5.17254	66.33855
5.16996	66.92981
5.16738	67.52759
5.16481	68.11094
5.16224	68.65646
5.15967	69.14038
5.1571	69.54106
5.15454	69.84197
5.15198	70.03503
5.14942	70.12261
5.14686	70.11655
5.14431	70.03378
5.14176	69.89093
5.13921	69.70097
5.13667	69.47299
5.13412	69.21442
5.13158	68.93314
5.12905	68.63785
5.12651	68.33662
5.12398	68.03449
5.12145	67.73149
5.11892	67.42302
5.1164	67.10261
5.11387	66.76613
5.11135	66.41536
5.10883	66.05837
5.10632	65.70628
5.1038	65.36749
5.10129	65.04197
5.09879	64.71849
5.09628	64.37585
5.09378	63.98807
5.09128	63.53209
5.08878	62.99527
5.08628	62.3803
5.08379	61.7048
5.0813	60.99569
5.07881	60.2807
5.07633	59.58077
5.07384	58.90651
5.07136	58.25904
5.06888	57.63382
5.06641	57.02537
5.06393	56.43088
5.06146	55.8517
5.05899	55.29277
5.05652	54.76034
5.05406	54.25907
5.0516	53.78984
5.04914	53.34882
5.04668	52.92818
5.04423	52.51824
5.04178	52.11012
5.03932	51.69847
5.03688	51.28332
5.03443	50.87072
5.03199	50.47194
5.02955	50.10156
5.02711	49.77467
5.02468	49.50364
5.02224	49.29527
5.01981	49.14901
5.01738	49.05696
5.01496	49.00581
5.01253	48.9793
5.01011	48.96047
5.00769	48.93266
5.00528	48.87983
5.00286	48.78717
5.00045	48.64227
4.99804	48.437
4.99563	48.16887
4.99323	47.84079
4.99082	47.45925
4.98842	47.03128
4.98602	46.56201
4.98363	46.05388
4.98124	45.50811
4.97884	44.92756
4.97645	44.31967
4.97407	43.69766
4.97168	43.07929
4.9693	42.48343
4.96692	41.92517
4.96454	41.41162
4.96217	40.9398
4.9598	40.49794
4.95742	40.07041
4.95506	39.64491
4.95269	39.21866
4.95033	38.8012
4.94796	38.41195
4.9456	38.07416
4.94325	37.80742
4.94089	37.62161
4.93854	37.51454
4.93619	37.47403
4.93384	37.484
4.93149	37.53198
4.92915	37.61442
4.92681	37.7379
4.92447	37.91558
4.92213	38.16064
4.9198	38.48036
4.91747	38.87307
4.91513	39.3297
4.91281	39.83858
4.91048	40.39097
4.90816	40.9847
4.90583	41.62419
4.90351	42.31683
4.9012	43.06771
4.89888	43.87476
4.89657	44.72624
4.89426	45.60108
4.89195	46.47146
4.88964	47.30585
4.88734	48.07217
4.88504	48.74072
4.88274	49.288
4.88044	49.70082
4.87814	49.97937
4.87585	50.13763
4.87356	50.1999
4.87127	50.19407
4.86898	50.1438
4.8667	50.06259
4.86441	49.95185
4.86213	49.80368
4.85986	49.60718
4.85758	49.35545
4.8553	49.05068
4.85303	48.70512
4.85076	48.33816
4.84849	47.97086
4.84623	47.62054
4.84397	47.29754
4.84171	47.00511
4.83944	46.74175
4.83719	46.50424
4.83493	46.2891
4.83268	46.092
4.83043	45.9058
4.82818	45.71924
4.82593	45.51788
4.82369	45.28797
4.82145	45.02178
4.81921	44.72223
4.81697	44.40404
4.81473	44.0902
4.8125	43.80487
4.81026	43.56479
4.80803	43.37294
4.80581	43.21707
4.80358	43.07388
4.80136	42.91718
4.79913	42.72678
4.79692	42.49488
4.7947	42.22819
4.79248	41.94572
4.79027	41.67361
4.78806	41.43918
4.78585	41.26583
4.78364	41.16955
4.78143	41.15685
4.77923	41.22391
4.77703	41.35617
4.77483	41.52953
4.77263	41.71326
4.77044	41.87577
4.76824	41.99189
4.76605	42.04984
4.76386	42.05515
4.76168	42.02845
4.75949	42.00019
4.75731	42.00047
4.75513	42.04957
4.75295	42.15237
4.75077	42.29887
4.7486	42.46992
4.74642	42.64563
4.74425	42.81259
4.74208	42.96715
4.73991	43.11421
4.73775	43.26248
4.73559	43.41949
4.73342	43.58828
4.73126	43.76764
4.72911	43.95486
4.72695	44.14928
4.7248	44.35427
4.72265	44.57679
4.7205	44.82428
4.71835	45.10113
4.7162	45.40622
4.71406	45.73292
4.71192	46.07183
4.70978	46.41455
4.70764	46.7571
4.7055	47.10158
4.70337	47.45487
4.70124	47.82571
4.69911	48.2211
4.69698	48.64373
4.69485	49.09128
4.69273	49.55768
4.69061	50.03543
4.68849	50.5182
4.68637	51.00294
4.68425	51.49088
4.68214	51.98738
4.68002	52.5004
4.67791	53.03816
4.6758	53.6061
4.6737	54.20376
4.67159	54.82268
4.66949	55.44586
4.66739	56.04952
4.66529	56.60722
4.66319	57.09516
4.66109	57.49763
4.659	57.81067
4.65691	58.04282
4.65482	58.21278
4.65273	58.34396
4.65064	58.45802
4.64856	58.56867
4.64648	58.67807
4.64439	58.77663
4.64231	58.84628
4.64024	58.86598
4.63816	58.81756
4.63609	58.69043
4.63402	58.48346
4.63195	58.20415
4.62988	57.86547
4.62781	57.48174
4.62575	57.0652
4.62369	56.62395
4.62163	56.16183
4.61957	55.67935
4.61751	55.17534
4.61546	54.64819
4.6134	54.09663
4.61135	53.51992
4.6093	52.9179
4.60725	52.29118
4.60521	51.64144
4.60317	50.97156
4.60112	50.28518
4.59908	49.58546
4.59704	48.87377
4.59501	48.1486
4.59297	47.40546
4.59094	46.63835
4.58891	45.84223
4.58688	45.01622
4.58485	44.16606
4.58282	43.30464
4.5808	42.45003
4.57878	41.62121
4.57676	40.833
4.57474	40.09207
4.57272	39.39564
4.57071	38.73364
4.56869	38.0934
4.56668	37.4654
4.56467	36.84761
4.56266	36.24681
4.56066	35.67637
4.55865	35.15129
4.55665	34.68252
4.55465	34.27259
4.55265	33.91431
4.55065	33.59267
4.54865	33.28921
4.54666	32.98689
4.54467	32.6741
4.54268	32.34649
4.54069	32.00691
4.5387	31.66352
4.53672	31.32728
4.53473	31.00946
4.53275	30.71917
4.53077	30.46177
4.52879	30.23712
4.52681	30.03912
4.52484	29.85599
4.52286	29.6724
4.52089	29.47285
4.51892	29.24574
4.51696	28.98682
4.51499	28.70058
4.51302	28.39912
4.51106	28.09832
4.5091	27.81283
4.50714	27.55149
4.50518	27.3148
4.50323	27.09529
4.50127	26.88045
4.49932	26.65691
4.49737	26.41433
4.49542	26.14791
4.49347	25.85916
4.49153	25.55475
4.48958	25.24441
4.48764	24.93859
4.4857	24.64627
4.48376	24.37357
4.48182	24.09277
4.47988	23.86487
4.47795	23.67232
4.47602	23.49073
4.47409	23.30442
4.47216	23.11533
4.47023	22.94369
4.4683	22.81646
4.46638	22.75112
4.46446	22.74645
4.46253	22.78118
4.46062	22.82348
4.4587	22.84369
4.45678	22.82585
4.45487	22.77098
4.45295	22.69138
4.45104	22.60355
4.44913	22.51877
4.44723	22.4412
4.44532	22.37011
4.44342	22.3042
4.44151	22.24615
4.43961	22.20269
4.43771	22.17999
4.43581	22.1763
4.43392	22.18052
4.43202	22.17565
4.43013	22.14531
4.42824	22.0824
4.42635	21.99255
4.42446	21.89237
4.42257	21.80271
4.42069	21.73898
4.4188	21.7064
4.41692	21.69836
4.41504	21.70192
4.41316	21.70336
4.41129	21.69361
4.40941	21.66811
4.40753	21.62677
4.40566	21.56524
4.40379	21.47869
4.40192	21.3623
4.40006	21.21691
4.39819	21.05088
4.39633	20.88254
4.39446	20.73519
4.3926	20.62848
4.39074	20.57185
4.38888	20.55956
4.38703	20.57258
4.38517	20.58534
4.38332	20.57183
4.38147	20.51246
4.37962	20.39799
4.37777	20.23107
4.37592	20.02263
4.37407	19.79236
4.37223	19.56446
4.37039	19.35894
4.36855	19.1855
4.36671	19.04002
4.36487	18.90753
4.36303	18.77108
4.3612	18.62014
4.35937	18.45572
4.35753	18.28678
4.3557	18.12157
4.35388	17.95576
4.35205	17.76771
4.35022	17.52303
4.3484	17.19219
4.34658	16.75772
4.34476	16.23361
4.34294	15.66356
4.34112	15.11001
4.3393	14.63551
4.33749	14.2885
4.33567	14.0956
4.33386	14.06623
4.33205	14.19891
4.33024	14.48388
4.32843	14.89933
4.32663	15.40295
4.32483	15.92368
4.32302	16.36166
4.32122	16.60006
4.31942	16.53928
4.31762	16.12418
4.31583	15.38997
4.31403	14.46736
4.31224	13.55499
4.31045	12.85603
4.30865	12.49747
4.30686	12.4645
4.30508	12.59789
4.30329	12.65729
4.30151	12.41726
4.29972	11.74075
4.29794	10.59939
4.29616	9.05359
4.29438	7.24513
4.2926	5.40762
4.29083	3.84377
4.28905	2.83751
4.28728	2.54819
4.28551	2.93588
4.28374	3.74985
4.28197	4.58957
4.2802	5.03482
4.27844	4.7597
4.27667	3.62725
4.27491	1.77156
4.27315	-0.32039
4.27139	-1.86656
4.26963	-2.14832
4.26787	-1.04396
4.26612	0.88047
4.26436	2.90923
4.26261	4.57739
4.26086	5.6746
4.25911	6.12694
4.25736	5.95876
4.25561	5.31188
4.25387	4.49381
4.25212	4.00737
4.25038	4.46397
4.24864	6.28013
4.2469	9.2059
4.24516	12.10311
4.24342	13.56409
4.24169	13.26175
4.23996	12.13098
4.23822	11.04861
4.23649	10.74998
4.23476	11.7588
4.23303	13.57612
4.23131	14.98805
4.22958	15.31304
4.22786	14.85142
4.22613	14.22778
4.22441	13.79872
4.22269	13.57718
4.22097	13.42528
4.21926	13.20218
4.21754	12.80649
4.21582	12.19218
4.21411	11.37987
4.2124	10.45589
4.21069	9.54878
4.20898	8.78951
4.20727	8.28058
4.20557	8.03896
4.20386	8.03659
4.20216	8.20972
4.20046	8.47968
4.19876	8.76703
4.19706	8.99967
4.19536	9.11673
4.19366	9.07771
4.19197	8.86883
4.19028	8.50806
4.18858	8.04022
4.18689	7.52837
4.1852	7.03272
4.18351	6.59739
4.18183	6.24088
4.18014	5.96348
4.17846	5.75602
4.17677	5.61559
4.17509	5.54806
4.17341	5.56218
4.17174	5.65542
4.17006	5.80494
4.16838	5.9667
4.16671	6.08765
4.16503	6.06845
4.16336	5.99441
4.16169	5.87519
4.16002	5.73115
4.15835	5.58793
4.15669	5.47027
4.15502	5.39745
4.15336	5.38016
4.15169	5.41992
4.15003	5.50955
4.14837	5.63487
4.14671	5.77675
4.14506	5.91358
4.1434	6.02399
4.14175	6.09001
4.14009	6.09975
4.13844	6.04969
4.13679	5.94562
4.13514	5.80168
4.13349	5.63788
4.13185	5.47599
4.1302	5.33522
4.12855	5.22836
4.12691	5.15938
4.12527	5.123
4.12363	5.10683
4.12199	5.09555
4.12035	5.07628
4.11872	5.04337
4.11708	5.0011
4.11545	4.96271
4.11382	4.94613
4.11219	4.96743
4.11056	5.03442
4.10893	5.14296
4.1073	5.27764
4.10567	5.41666
4.10405	5.53952
4.10242	5.63374
4.1008	5.6986
4.09918	5.74385
4.09756	5.78468
4.09595	5.83498
4.09433	5.90175
4.09271	5.98316
4.0911	6.07019
4.08948	6.15101
4.08787	6.21584
4.08626	6.25985
4.08465	6.28374
4.08304	6.29256
4.08144	6.29348
4.07983	6.29496
4.07823	6.30682
4.07662	6.34103
4.07502	6.41139
4.07342	6.53159
4.07182	6.71112
4.07022	6.9511
4.06863	7.24177
4.06703	7.56329
4.06544	7.89034
4.06384	8.19835
4.06225	8.4698
4.06066	8.69793
4.05907	8.88682
4.05748	9.04863
4.0559	9.19928
4.05431	9.35445
4.05273	9.52757
4.05114	9.72973
4.04956	9.97055
4.04798	10.25863
4.0464	10.60132
4.04482	11.00344
4.04325	11.46615
4.04167	11.9868
4.0401	12.56039
4.03852	13.18186
4.03695	13.84824
4.03538	14.55972
4.03381	15.31905
4.03224	16.13012
4.03068	16.99663
4.02911	17.92161
4.02755	18.90821
4.02598	19.96061
4.02442	21.08409
4.02286	22.28375
4.0213	23.56142
4.01974	24.91259
4.01818	26.32421
4.01663	27.77466
4.01507	29.23554
4.01352	30.674
4.01197	32.05395
4.01041	33.33547
4.00886	34.47283
4.00731	35.41377
4.00577	36.10162
4.00422	36.48181
4.00268	36.51175
4.00113	36.17122
3.99959	35.46937
3.99805	34.44603
3.99651	33.16562
3.99497	31.70565
3.99343	30.14362
3.99189	28.5459
3.99035	26.96252
3.98882	25.42795
3.98729	23.96597
3.98575	22.59534
3.98422	21.3327
3.98269	20.19155
3.98116	19.17875
3.97964	18.29094
3.97811	17.51389
3.97658	16.82579
3.97506	16.20332
3.97354	15.62789
3.97201	15.08904
3.97049	14.58377
3.96898	14.11223
3.96746	13.67222
3.96594	13.25592
3.96442	12.84993
3.96291	12.43933
3.96139	12.0133
3.95988	11.5698
3.95837	11.1171
3.95686	10.67147
3.95535	10.25227
3.95384	9.87615
3.95234	9.55284
3.95083	9.28359
3.94933	9.06199
3.94782	8.87684
3.94632	8.71513
3.94482	8.56474
3.94332	8.41645
3.94182	8.2655
3.94032	8.11241
3.93883	7.96346
3.93733	7.82963
3.93584	7.7244
3.93434	7.66
3.93285	7.6436
3.93136	7.67434
3.92987	7.74252
3.92838	7.83132
3.9269	7.92057
3.92541	7.99138
3.92392	8.02997
3.92244	8.02991
3.92096	7.99213
3.91948	7.92313
3.91799	7.83265
3.91651	7.73156
3.91504	7.63034
3.91356	7.53812
3.91208	7.4616
3.91061	7.40402
3.90913	7.36435
3.90766	7.33737
3.90619	7.31469
3.90472	7.28722
3.90325	7.24758
3.90178	7.19196
3.90031	7.12096
3.89885	7.03867
3.89738	6.95137
3.89592	6.86607
3.89445	6.78972
3.89299	6.72918
3.89153	6.69121
3.89007	6.682
3.88861	6.70569
3.88716	6.76252
3.8857	6.8475
3.88424	6.95055
3.88279	7.0591
3.88134	7.16191
3.87988	7.25318
3.87843	7.33463
3.87698	7.41484
3.87553	7.50565
3.87409	7.61689
3.87264	7.7519
3.87119	7.90573
3.86975	8.06661
3.86831	8.22068
3.86687	8.35697
3.86542	8.4718
3.86398	8.56987
3.86254	8.66275
3.86111	8.76499
3.85967	8.88948
3.85823	9.04347
3.8568	9.22635
3.85537	9.42925
3.85393	9.63668
3.8525	9.82948
3.85107	9.98862
3.84964	10.09929
3.84821	10.15459
3.84678	10.15809
3.84536	10.12445
3.84393	10.0772
3.84251	10.04421
3.84109	10.05128
3.83966	10.11609
3.83824	10.24411
3.83682	10.42818
3.8354	10.65162
3.83399	10.89401
3.83257	11.13739
3.83115	11.37109
3.82974	11.59363
3.82832	11.8117
3.82691	12.03653
3.8255	12.27931
3.82409	12.54693
3.82268	12.83919
3.82127	13.14826
3.81986	13.45994
3.81846	13.75708
3.81705	14.02394
3.81565	14.25097
3.81424	14.43892
3.81284	14.60069
3.81144	14.76021
3.81004	14.94763
3.80864	15.19211
3.80724	15.5137
3.80585	15.91749
3.80445	16.39224
3.80305	16.91469
3.80166	17.45793
3.80027	18.0013
3.79888	18.53772
3.79748	19.07595
3.7961	19.63648
3.79471	20.2426
3.79332	20.90998
3.79193	21.63864
3.79055	22.41105
3.78916	23.19684
3.78778	23.96329
3.78639	24.68716
3.78501	25.36388
3.78363	26.01039
3.78225	26.6606
3.78087	27.35481
3.77949	28.12645
3.77812	28.99069
3.77674	29.93827
3.77537	30.93683
3.77399	31.93891
3.77262	32.89356
3.77125	33.75792
3.76988	34.50502
3.76851	35.12591
3.76714	35.62688
3.76577	36.02333
3.7644	36.33358
3.76304	36.57397
3.76167	36.75691
3.76031	36.89083
3.75895	36.98117
3.75758	37.03066
3.75622	37.03855
3.75486	36.99891
3.7535	36.90004
3.75215	36.72602
3.75079	36.46131
3.74943	36.09722
3.74808	35.638
3.74672	35.10382
3.74537	34.5287
3.74402	33.95326
3.74267	33.41443
3.74132	32.93541
3.73997	32.51957
3.73862	32.15108
3.73727	31.80212
3.73593	31.44404
3.73458	31.05825
3.73324	30.64239
3.73189	30.20984
3.73055	29.7832
3.72921	29.38451
3.72787	29.02658
3.72653	28.70893
3.72519	28.41984
3.72385	28.14317
3.72252	27.86661
3.72118	27.58757
3.71985	27.31463
3.71851	27.06417
3.71718	26.85461
3.71585	26.7001
3.71452	26.60704
3.71319	26.57388
3.71186	26.59375
3.71053	26.65825
3.7092	26.76038
3.70788	26.89528
3.70655	27.05906
3.70523	27.24652
3.7039	27.44931
3.70258	27.65556
3.70126	27.85159
3.69994	28.0246
3.69862	28.1657
3.6973	28.27177
3.69598	28.34553
3.69467	28.39394
3.69335	28.42511
3.69204	28.44534
3.69072	28.45714
3.68941	28.45913
3.6881	28.44808
3.68679	28.42183
3.68548	28.3824
3.68417	28.33745
3.68286	28.29935
3.68155	28.28205
3.68025	28.29686
3.67894	28.34896
3.67763	28.43638
3.67633	28.55187
3.67503	28.68692
3.67373	28.83611
3.67243	28.99944
3.67113	29.18106
3.66983	29.38511
3.66853	29.61016
3.66723	29.84557
3.66594	30.07174
3.66464	30.26521
3.66335	30.40676
3.66205	30.48925
3.66076	30.52183
3.65947	30.52815
3.65818	30.5393
3.65689	30.58411
3.6556	30.68102
3.65431	30.83461
3.65302	31.03832
3.65174	31.28113
3.65045	31.55492
3.64917	31.85842
3.64788	32.1961
3.6466	32.57294
3.64532	32.98783
3.64404	33.42982
3.64276	33.8791
3.64148	34.313
3.6402	34.71383
3.63892	35.07503
3.63765	35.40259
3.63637	35.71087
3.6351	36.01528
3.63382	36.32548
3.63255	36.64282
3.63128	36.96288
3.63001	37.28196
3.62874	37.60362
3.62747	37.94203
3.6262	38.31976
3.62493	38.76071
3.62367	39.2811
3.6224	39.88239
3.62114	40.54935
3.61987	41.25412
3.61861	41.96454
3.61735	42.65338
3.61608	43.30515
3.61482	43.91859
3.61357	44.50477
3.61231	45.08257
3.61105	45.67356
3.60979	46.29786
3.60854	46.97175
3.60728	47.70613
3.60603	48.50582
3.60477	49.36839
3.60352	50.28388
3.60227	51.23539
3.60102	52.20159
3.59977	53.16107
3.59852	54.09693
3.59727	55.00078
3.59602	55.87361
3.59478	56.72332
3.59353	57.55924
3.59229	58.38589
3.59104	59.19802
3.5898	59.97919
3.58856	60.70456
3.58732	61.34701
3.58608	61.88488
3.58484	62.30865
3.5836	62.62443
3.58236	62.85298
3.58112	63.0245
3.57989	63.17074
3.57865	63.31708
3.57742	63.47661
3.57618	63.64862
3.57495	63.82086
3.57372	63.97524
3.57249	64.09468
3.57126	64.16882
3.57003	64.19695
3.5688	64.18752
3.56757	64.15474
3.56635	64.11392
3.56512	64.07745
3.56389	64.05272
3.56267	64.04218
3.56145	64.04501
3.56022	64.05882
3.559	64.08034
3.55778	64.10507
3.55656	64.1264
3.55534	64.13575
3.55412	64.12432
3.55291	64.08694
3.55169	64.02601
3.55047	63.95412
3.54926	63.893
3.54804	63.86837
3.54683	63.90219
3.54562	64.0048
3.54441	64.17044
3.54319	64.37812
3.54198	64.59763
3.54078	64.79848
3.53957	64.95858
3.53836	65.06923
3.53715	65.13521
3.53595	65.17024
3.53474	65.19005
3.53354	65.20628
3.53233	65.22352
3.53113	65.24032
3.52993	65.25308
3.52873	65.26071
3.52753	65.26773
3.52633	65.28453
3.52513	65.32473
3.52393	65.40086
3.52273	65.52028
3.52154	65.68264
3.52034	65.88012
3.51915	66.09953
3.51795	66.32584
3.51676	66.54583
3.51557	66.75082
3.51438	66.93051
3.51319	67.11105
3.512	67.27671
3.51081	67.44313
3.50962	67.61556
3.50843	67.79372
3.50725	67.97112
3.50606	68.13714
3.50488	68.28143
3.50369	68.39912
3.50251	68.49456
3.50133	68.5818
3.50015	68.68094
3.49897	68.81162
3.49779	68.98565
3.4966	69.20251
3.49543	69.44944
3.49425	69.7068
3.49307	69.95662
3.4919	70.19095
3.49072	70.41641
3.48955	70.6527
3.48837	70.92567
3.4872	71.25787
3.48603	71.6606
3.48486	72.13063
3.48369	72.65238
3.48251	73.20379
3.48135	73.76328
3.48018	74.31469
3.47901	74.84884
3.47784	75.36176
3.47668	75.85144
3.47551	76.31498
3.47435	76.74793
3.47319	77.14582
3.47202	77.49776
3.47086	77.79466
3.4697	78.07412
3.46854	78.35733
3.46738	78.66213
3.46622	78.99882
3.46506	79.33369
3.46391	79.66805
3.46275	80.02327
3.46159	80.40242
3.46044	80.80983
3.45928	81.24988
3.45813	81.72435
3.45698	82.23009
3.45583	82.75807
3.45467	83.29445
3.45352	83.81308
3.45237	84.23873
3.45122	84.65134
3.45008	85.05394
3.44893	85.44784
3.44778	85.82926
3.44664	86.18731
3.44549	86.50427
3.44435	86.75835
3.4432	86.92278
3.44206	86.96194
3.44092	86.90651
3.43978	86.75583
3.43864	86.51687
3.4375	86.20351
3.43636	85.83461
3.43522	85.43089
3.43408	85.0114
3.43295	84.59034
3.43181	84.17502
3.43068	83.76617
3.42954	83.36025
3.42841	82.95364
3.42727	82.54682
3.42614	82.14751
3.42501	81.77099
3.42388	81.43759
3.42275	81.16803
3.42162	80.97869
3.42049	80.87856
3.41936	80.86902
3.41824	80.94566
3.41711	81.10094
3.41599	81.26908
3.41486	81.46641
3.41374	81.74321
3.41261	82.0897
3.41149	82.48717
3.41037	82.91186
3.40925	83.34151
3.40813	83.76176
3.40701	84.11652
3.40589	84.47948
3.40477	84.87579
3.40365	85.31795
3.40254	85.80774
3.40142	86.33557
3.40031	86.88426
3.39919	87.43551
3.39808	87.97636
3.39696	88.50278
3.39585	88.99945
3.39474	89.48502
3.39363	89.9788
3.39252	90.49626
3.39141	91.04943
3.3903	91.64339
3.38919	92.27437
3.38809	92.92954
3.38698	93.52605
3.38587	94.10731
3.38477	94.67673
3.38366	95.22501
3.38256	95.73739
3.38146	96.06118
3.38036	96.27932
3.37925	96.40799
3.37815	96.46291
3.37705	96.46058
3.37595	96.41411
3.37486	96.33077
3.37376	96.21191
3.37266	96.05531
3.37156	95.85851
3.37047	95.62187
3.36937	95.34968
3.36828	95.04881
3.36719	94.72538
3.36609	94.38073
3.365	94.00864
3.36391	93.59506
3.36282	93.12132
3.36173	92.56998
3.36064	91.93146
3.35955	91.20913
3.35846	90.27355
3.35738	89.32217
3.35629	88.41121
3.3552	87.57474
3.35412	86.82584
3.35303	86.15323
3.35195	85.52435
3.35087	84.8942
3.34978	84.21787
3.3487	83.43167
3.34762	82.57599
3.34654	81.69464
3.34546	80.75513
3.34438	79.81567
3.34331	78.93329
3.34223	78.14097
3.34115	77.45302
3.34007	76.86528
3.339	76.36009
3.33792	75.91366
3.33685	75.50226
3.33578	75.10576
3.33471	74.66823
3.33363	74.11869
3.33256	73.57424
3.33149	73.04203
3.33042	72.529
3.32935	72.04207
3.32828	71.58773
3.32722	71.11701
3.32615	70.5403
3.32508	69.99841
3.32402	69.50166
3.32295	69.05104
3.32189	68.6405
3.32082	68.26096
3.31976	67.90487
3.3187	67.56894
3.31764	67.25432
3.31658	66.96402
3.31551	66.69956
3.31446	66.45908
3.3134	66.23786
3.31234	66.03049
3.31128	65.83293
3.31022	65.64337
3.30917	65.46201
3.30811	65.29068
3.30706	65.13273
3.306	64.99316
3.30495	64.87921
3.3039	64.80032
3.30284	64.76708
3.30179	64.78745
3.30074	64.86098
3.29969	64.80952
3.29864	64.73372
3.29759	64.6828
3.29654	64.65626
3.2955	64.65158
3.29445	64.66752
3.2934	64.70607
3.29236	64.77184
3.29131	64.86933
3.29027	64.99536
3.28923	65.04884
3.28818	65.13639
3.28714	65.24216
3.2861	65.35321
3.28506	65.46453
3.28402	65.57981
3.28298	65.70762
3.28194	65.85488
3.2809	66.02045
3.27986	66.19175
3.27883	66.34627
3.27779	66.45707
3.27676	66.45712
3.27572	66.36079
3.27469	66.19266
3.27365	65.96035
3.27262	65.6813
3.27159	65.37945
3.27056	65.07987
3.26952	64.80318
3.26849	64.50579
3.26746	64.22279
3.26643	63.97579
3.26541	63.76064
3.26438	63.57031
3.26335	63.39839
3.26232	63.24187
3.2613	63.10224
3.26027	62.98464
3.25925	62.8945
3.25822	62.83259
3.2572	62.79055
3.25618	62.74964
3.25516	62.68399
3.25414	62.56801
3.25311	62.38558
3.25209	62.13775
3.25108	61.84624
3.25006	61.55071
3.24904	61.29979
3.24802	61.13866
3.247	61.09684
3.24599	61.18055
3.24497	61.37199
3.24396	61.63485
3.24294	61.92329
3.24193	62.1907
3.24092	62.39627
3.2399	62.50957
3.23889	62.51332
3.23788	62.4059
3.23687	62.20267
3.23586	61.935
3.23485	61.64597
3.23384	61.38292
3.23283	61.18806
3.23183	61.08967
3.23082	61.09552
3.22981	61.19077
3.22881	61.3413
3.2278	61.5025
3.2268	61.63097
3.2258	61.69613
3.22479	61.6872
3.22379	61.61421
3.22279	61.50329
3.22179	61.38828
3.22079	61.30142
3.21979	61.26525
3.21879	61.28722
3.21779	61.35804
3.21679	61.45347
3.21579	61.53919
3.2148	61.57793
3.2138	61.53759
3.2128	61.39906
3.21181	61.16196
3.21082	60.84576
3.20982	60.4852
3.20883	60.12025
3.20784	59.7838
3.20684	59.49202
3.20585	59.24112
3.20486	59.01232
3.20387	58.78202
3.20288	58.53344
3.20189	58.26541
3.2009	57.99509
3.19992	57.75366
3.19893	57.57599
3.19794	57.48805
3.19696	57.49629
3.19597	57.58274
3.19499	57.70735
3.194	57.81642
3.19302	57.85521
3.19204	57.78192
3.19106	57.57919
3.19007	57.25942
3.18909	56.86101
3.18811	56.43659
3.18713	56.03722
3.18615	55.6991
3.18518	55.43612
3.1842	55.23931
3.18322	55.08172
3.18224	54.92716
3.18127	54.74091
3.18029	54.50001
3.17932	54.20014
3.17834	53.85706
3.17737	53.50258
3.1764	53.17651
3.17542	52.91667
3.17445	52.74913
3.17348	52.68176
3.17251	52.7025
3.17154	52.78302
3.17057	52.88621
3.1696	52.97551
3.16863	53.0235
3.16766	53.01753
3.1667	52.96092
3.16573	52.86965
3.16476	52.76589
3.1638	52.67066
3.16283	52.59811
3.16187	52.55289
3.16091	52.53118
3.15994	52.52456
3.15898	52.52462
3.15802	52.52618
3.15706	52.528
3.1561	52.53041
3.15514	52.53159
3.15418	52.52433
3.15322	52.49511
3.15226	52.42672
3.1513	52.30335
3.15034	52.11771
3.14939	51.87683
3.14843	51.60495
3.14747	51.34061
3.14652	51.12795
3.14557	51.00423
3.14461	50.9881
3.14366	51.07321
3.14271	51.22955
3.14175	51.4118
3.1408	51.57125
3.13985	51.66784
3.1389	51.67901
3.13795	51.60318
3.137	51.45779
3.13605	51.27218
3.13511	51.07822
3.13416	50.9019
3.13321	50.75846
3.13227	50.65224
3.13132	50.5802
3.13037	50.53633
3.12943	50.51494
3.12849	50.51113
3.12754	50.51982
3.1266	50.53466
3.12566	50.54785
3.12472	50.55022
3.12377	50.5319
3.12283	50.48353
3.12189	50.39898
3.12095	50.27844
3.12002	50.13031
3.11908	49.9706
3.11814	49.82023
3.1172	49.70111
3.11627	49.63244
3.11533	49.62748
3.11439	49.69111
3.11346	49.81763
3.11252	49.9896
3.11159	50.17909
3.11066	50.35187
3.10972	50.47422
3.10879	50.52038
3.10786	50.47847
3.10693	50.35351
3.106	50.1663
3.10507	49.94833
3.10414	49.73308
3.10321	49.54665
3.10228	49.40115
3.10136	49.29441
3.10043	49.21541
3.0995	49.15325
3.09857	49.10473
3.09765	49.0768
3.09672	49.08232
3.0958	49.13223
3.09488	49.22773
3.09395	49.35714
3.09303	49.49807
3.09211	49.62385
3.09119	49.71163
3.09027	49.74912
3.08935	49.73771
3.08843	49.69124
3.08751	49.63078
3.08659	49.57895
3.08567	49.55488
3.08475	49.57136
3.08383	49.63316
3.08292	49.73678
3.082	49.87112
3.08108	50.01982
3.08017	50.16459
3.07925	50.28918
3.07834	50.38222
3.07743	50.43844
3.07652	50.45801
3.0756	50.445
3.07469	50.40642
3.07378	50.35246
3.07287	50.29695
3.07196	50.25607
3.07105	50.24527
3.07014	50.27484
3.06923	50.347
3.06832	50.45503
3.06742	50.58453
3.06651	50.71615
3.0656	50.82975
3.0647	50.90981
3.06379	50.95037
3.06289	50.95758
3.06198	50.94778
3.06108	50.94144
3.06017	50.95458
3.05927	50.99101
3.05837	51.038
3.05747	51.06755
3.05657	51.04395
3.05567	50.93555
3.05477	50.72737
3.05387	50.42941
3.05297	50.07663
3.05207	49.72029
3.05117	49.41312
3.05027	49.19494
3.04938	49.08396
3.04848	49.07638
3.04758	49.15291
3.04669	49.28766
3.0458	49.45612
3.0449	49.63933
3.04401	49.82451
3.04311	50.00339
3.04222	50.17048
3.04133	50.32245
3.04044	50.45881
3.03955	50.58306
3.03866	50.70248
3.03777	50.8253
3.03688	50.95559
3.03599	51.08793
3.0351	51.2051
3.03421	51.28072
3.03332	51.28731
3.03244	51.20686
3.03155	51.03971
3.03066	50.80839
3.02978	50.55409
3.02889	50.32706
3.02801	50.17422
3.02713	50.12817
3.02624	50.20075
3.02536	50.38246
3.02448	50.64648
3.0236	50.95524
3.02271	51.26802
3.02183	51.54796
3.02095	51.76761
3.02007	51.91266
3.01919	51.98294
3.01832	51.99076
3.01744	51.95662
3.01656	51.90322
3.01568	51.84872
3.01481	51.80075
3.01393	51.75326
3.01305	51.68741
3.01218	51.57714
3.0113	51.3982
3.01043	51.13812
3.00956	50.80408
3.00868	50.42596
3.00781	50.05297
3.00694	49.74411
3.00607	49.55491
3.0052	49.52435
3.00433	49.66585
3.00345	49.96444
3.00259	50.38009
3.00172	50.85556
3.00085	51.32761
2.99998	51.73947
2.99911	52.05266
2.99825	52.25512
2.99738	52.36236
2.99651	52.4098
2.99565	52.43837
2.99478	52.47875
2.99392	52.54091
2.99305	52.61318
2.99219	52.67026
2.99133	52.6863
2.99046	52.64827
2.9896	52.56394
2.98874	52.46193
2.98788	52.38244
2.98702	52.36215
2.98616	52.41894
2.9853	52.54354
2.98444	52.70132
2.98358	52.84414
2.98272	52.92702
2.98187	52.92331
2.98101	52.83325
2.98015	52.68324
2.9793	52.51658
2.97844	52.3793
2.97759	52.30628
2.97673	52.31295
2.97588	52.39497
2.97502	52.53397
2.97417	52.7053
2.97332	52.88395
2.97247	53.04716
2.97161	53.17543
2.97076	53.25347
2.96991	53.27305
2.96906	53.23551
2.96821	53.15246
2.96736	53.04359
2.96651	52.9329
2.96567	52.84432
2.96482	52.79796
2.96397	52.80672
2.96312	52.8747
2.96228	52.99749
2.96143	53.16482
2.96059	53.3633
2.95974	53.57834
2.9589	53.79385
2.95805	53.99146
2.95721	54.15012
2.95637	54.24765
2.95552	54.26535
2.95468	54.19509
2.95384	54.04647
2.953	53.85021
2.95216	53.65377
2.95132	53.51034
2.95048	53.46457
2.94964	53.54008
2.9488	53.73212
2.94796	54.00737
2.94712	54.31072
2.94629	54.57843
2.94545	54.75428
2.94461	54.80474
2.94378	54.72796
2.94294	54.55456
2.94211	54.33988
2.94127	54.1503
2.94044	54.04682
2.93961	54.07036
2.93877	54.23264
2.93794	54.51496
2.93711	54.87519
2.93628	55.26036
2.93545	55.62052
2.93462	55.92
2.93379	56.14307
2.93296	56.29341
2.93213	56.38578
2.9313	56.44529
2.93047	56.49312
2.92964	56.5437
2.92881	56.60401
2.92799	56.67594
2.92716	56.75978
2.92633	56.85579
2.92551	56.96282
2.92468	57.0744
2.92386	57.17488
2.92304	57.23952
2.92221	57.23997
2.92139	57.15451
2.92057	56.97889
2.91974	56.73289
2.91892	56.45918
2.9181	56.21369
2.91728	56.04968
2.91646	56.00062
2.91564	56.06786
2.91482	56.21888
2.914	56.39714
2.91318	56.5407
2.91236	56.60249
2.91155	56.56515
2.91073	56.4459
2.90991	56.29066
2.9091	56.15995
2.90828	56.11144
2.90747	56.18409
2.90665	56.38822
2.90584	56.7035
2.90502	57.08467
2.90421	57.47269
2.9034	57.80833
2.90258	58.04499
2.90177	58.15823
2.90096	58.14977
2.90015	58.04481
2.89934	57.88378
2.89853	57.71125
2.89772	57.56584
2.89691	57.47346
2.8961	57.44521
2.89529	57.47894
2.89448	57.56369
2.89368	57.68536
2.89287	57.83193
2.89206	57.99652
2.89125	58.17642
2.89045	58.36886
2.88964	58.56521
2.88884	58.74742
2.88803	58.88956
2.88723	58.96448
2.88643	58.95367
2.88562	58.85596
2.88482	58.69134
2.88402	58.49844
2.88322	58.32574
2.88242	58.21872
2.88161	58.20678
2.88081	58.29417
2.88001	58.45814
2.87921	58.65554
2.87842	58.83506
2.87762	58.95135
2.87682	58.97637
2.87602	58.90584
2.87522	58.76022
2.87443	58.57983
2.87363	58.41564
2.87283	58.31706
2.87204	58.31998
2.87124	58.43821
2.87045	58.66053
2.86965	58.95387
2.86886	59.27149
2.86807	59.5643
2.86727	59.7928
2.86648	59.93587
2.86569	59.99567
2.8649	59.99593
2.86411	59.97455
2.86332	59.9726
2.86253	60.02292
2.86174	60.14169
2.86095	60.32537
2.86016	60.5537
2.85937	60.62478
2.85858	60.58047
2.85779	60.5456
2.85701	60.52948
2.85622	60.5389
2.85543	60.57428
2.85465	60.62824
2.85386	60.68806
2.85308	60.74105
2.85229	60.55498
2.85151	60.3234
2.85072	60.12738
2.84994	59.98432
2.84916	59.89906
2.84837	59.86299
2.84759	59.85792
2.84681	59.86436
2.84603	59.87083
2.84525	59.87983
2.84447	59.90737
2.84369	59.97625
2.84291	60.10525
2.84213	60.29788
2.84135	60.5352
2.84057	60.77673
2.83979	60.9706
2.83902	61.06998
2.83824	61.04998
2.83746	60.91769
2.83669	60.71081
2.83591	60.48427
2.83514	60.28975
2.83436	60.15794
2.83359	60.09205
2.83281	60.07488
2.83204	60.08264
2.83127	60.09719
2.83049	60.11115
2.82972	60.12531
2.82895	60.14117
2.82818	60.15335
2.82741	60.14663
2.82664	60.09933
2.82587	59.99188
2.8251	59.81633
2.82433	59.58296
2.82356	59.32181
2.82279	59.07748
2.82202	58.89692
2.82125	58.812
2.82049	58.82469
2.81972	58.90375
2.81895	58.99703
2.81819	59.05231
2.81742	59.03561
2.81666	58.93983
2.81589	58.78274
2.81513	58.59811
2.81436	58.42464
2.8136	58.296
2.81284	58.23512
2.81207	58.25301
2.81131	58.35127
2.81055	58.5255
2.80979	58.76793
2.80903	59.06843
2.80827	59.22081
2.80751	59.39902
2.80675	59.64707
2.80599	59.95897
2.80523	60.31898
2.80447	60.69739
2.80371	61.05246
2.80295	61.34197
2.8022	61.53856
2.80144	61.63724
2.80068	61.65058
2.79993	61.59758
2.79917	61.49391
2.79842	61.34728
2.79766	61.15834
2.79691	60.92596
2.79615	60.65465
2.7954	60.36054
2.79465	60.07283
2.79389	59.8296
2.79314	59.67024
2.79239	59.62728
2.79164	59.71856
2.79089	59.93998
2.79013	60.26002
2.78938	60.62001
2.78863	60.94621
2.78788	61.17381
2.78714	61.00141
2.78639	60.72455
2.78564	60.4469
2.78489	60.22355
2.78414	60.07199
2.7834	59.97519
2.78265	59.8971
2.7819	59.80369
2.78116	59.68265
2.78041	59.55257
2.77967	59.4549
2.77892	59.4313
2.77818	59.49469
2.77743	59.46251
2.77669	59.46134
2.77595	59.45819
2.7752	59.42686
2.77446	59.35761
2.77372	59.25993
2.77298	59.15753
2.77223	59.07648
2.77149	58.82372
2.77075	58.4895
2.77001	58.15722
2.76927	57.83121
2.76853	57.53175
2.7678	57.30201
2.76706	57.20035
2.76632	57.2785
2.76558	57.55156
2.76484	57.97221
2.76411	58.42983
2.76337	58.78769
2.76263	58.9427
2.7619	58.86586
2.76116	58.59993
2.76043	58.22775
2.75969	57.83797
2.75896	57.50355
2.75823	57.27317
2.75749	57.17027
2.75676	57.19474
2.75603	57.32612
2.7553	57.53211
2.75456	57.78274
2.75383	58.06129
2.7531	58.36253
2.75237	58.6817
2.75164	59.00439
2.75091	59.30363
2.75018	59.49679
2.74945	59.60608
2.74872	59.66392
2.74799	59.66478
2.74727	59.54566
2.74654	59.35579
2.74581	59.14353
2.74509	58.92933
2.74436	58.72754
2.74363	58.55629
2.74291	58.45253
2.74218	58.47924
2.74146	58.69914
2.74073	58.85049
2.74001	59.10742
2.73928	59.37964
2.73856	59.57052
2.73784	59.62985
2.73712	59.55174
2.73639	59.35425
2.73567	58.86139
2.73495	58.27926
2.73423	57.70586
2.73351	57.17736
2.73279	56.7122
2.73207	56.3136
2.73135	55.9772
2.73063	55.69861
2.72991	55.47805
2.72919	55.32062
2.72847	55.23367
2.72776	55.22188
2.72704	55.28077
2.72632	55.38972
2.72561	55.42268
2.72489	55.45955
2.72417	55.50632
2.72346	55.3892
2.72274	55.11178
2.72203	54.78001
2.72132	54.48252
2.7206	54.29563
2.71989	54.24932
2.71917	54.32387
2.71846	54.47509
2.71775	54.66347
2.71704	54.86651
2.71633	55.075
2.71561	55.28234
2.7149	55.47512
2.71419	55.62791
2.71348	55.70532
2.71277	55.67391
2.71206	55.52615
2.71135	55.30765
2.71065	55.12022
2.70994	55.07768
2.70923	55.24169
2.70852	55.59873
2.70781	56.08967
2.70711	56.6491
2.7064	57.22409
2.7057	57.77348
2.70499	58.24097
2.70428	58.5383
2.70358	58.78545
2.70288	58.93555
2.70217	58.90882
2.70147	58.69517
2.70076	58.39341
2.70006	58.05591
2.69936	57.72121
2.69865	57.40502
2.69795	57.09925
2.69725	56.77767
2.69655	56.4095
2.69585	55.97968
2.69515	55.50389
2.69445	55.01855
2.69375	54.55041
2.69305	54.00069
2.69235	53.48006
2.69165	53.00172
2.69095	52.56185
2.69025	52.15796
2.68956	51.70785
2.68886	51.24771
2.68816	50.84709
2.68747	50.53129
2.68677	50.31118
2.68607	50.17551
2.68538	50.09545
2.68468	50.04166
2.68399	50.00167
2.68329	49.98572
2.6826	50.01785
2.68191	50.11862
2.68121	50.2875
2.68052	50.48903
2.67983	50.3982
2.67914	50.15518
2.67844	49.80008
2.67775	49.39999
2.67706	49.06877
2.67637	48.90073
2.67568	48.62136
2.67499	48.49468
2.6743	48.57745
2.67361	48.82678
2.67292	49.18251
2.67223	49.58253
2.67154	49.97952
2.67086	50.35627
2.67017	50.73005
2.66948	51.13801
2.66879	51.60673
2.66811	52.12144
2.66742	52.61415
2.66673	52.98487
2.66605	53.14958
2.66536	53.08265
2.66468	52.8172
2.66399	52.44236
2.66331	52.01635
2.66263	51.59858
2.66194	51.21959
2.66126	50.89229
2.66058	50.62064
2.65989	50.40628
2.65921	50.25022
2.65853	50.15069
2.65785	50.09987
2.65717	50.08162
2.65649	50.07085
2.65581	50.03655
2.65513	49.94985
2.65445	49.79489
2.65377	49.57677
2.65309	49.31781
2.65241	49.04319
2.65173	48.76656
2.65106	48.48521
2.65038	48.18429
2.6497	47.84519
2.64902	47.4542
2.64835	47.0104
2.64767	46.5298
2.647	46.04342
2.64632	45.58813
2.64565	45.19345
2.64497	44.87098
2.6443	44.61191
2.64362	44.392
2.64295	44.18067
2.64228	43.94929
2.6416	43.67677
2.64093	43.3528
2.64026	42.97916
2.63959	42.56959
2.63891	42.14774
2.63824	41.74267
2.63757	41.3819
2.6369	41.08315
2.63623	40.84612
2.63556	40.648
2.63489	40.44485
2.63422	40.18225
2.63355	39.81526
2.63288	39.33132
2.63222	38.76391
2.63155	38.18359
2.63088	37.66626
2.63021	37.25716
2.62955	36.95427
2.62888	36.71925
2.62821	36.50418
2.62755	36.27597
2.62688	36.02587
2.62622	35.7645
2.62555	35.5096
2.62489	35.27526
2.62422	35.06656
2.62356	34.88081
2.6229	34.71331
2.62223	34.56526
2.62157	34.45011
2.62091	34.39243
2.62025	34.41407
2.61958	34.50947
2.61892	34.62494
2.61826	34.66643
2.6176	34.5432
2.61694	34.21831
2.61628	33.7266
2.61562	33.15086
2.61496	32.58105
2.6143	32.08387
2.61364	31.69096
2.61298	31.40288
2.61233	31.20102
2.61167	31.06146
2.61101	30.96627
2.61035	30.90825
2.6097	30.88775
2.60904	30.9022
2.60838	30.93382
2.60773	30.94104
2.60707	30.86131
2.60642	30.62959
2.60576	30.20952
2.60511	29.61963
2.60445	28.92996
2.6038	28.22731
2.60315	27.57692
2.60249	27.00785
2.60184	26.52151
2.60119	26.10754
2.60053	25.75481
2.59988	25.45272
2.59923	25.18526
2.59858	24.92172
2.59793	24.61165
2.59728	24.19529
2.59663	23.64064
2.59598	22.99322
2.59533	22.37447
2.59468	21.88748
2.59403	21.53679
2.59338	21.2655
2.59273	21.02991
2.59209	20.82092
2.59144	20.64697
2.59079	20.51558
2.59014	20.42635
2.5895	20.37109
2.58885	20.33531
2.5882	20.29814
2.58756	20.23479
2.58691	20.12428
2.58627	19.96175
2.58562	19.7684
2.58498	19.59218
2.58433	19.49307
2.58369	19.51386
2.58305	19.65111
2.5824	19.84872
2.58176	20.01971
2.58112	20.0789
2.58048	19.96516
2.57983	19.64975
2.57919	19.13798
2.57855	18.47138
2.57791	17.73026
2.57727	17.02891
2.57663	16.49385
2.57599	16.22447
2.57535	16.25311
2.57471	16.53133
2.57407	16.95311
2.57343	17.39801
2.57279	17.76706
2.57216	17.99851
2.57152	18.06713
2.57088	17.97678
2.57024	17.7518
2.56961	17.42831
2.56897	17.04511
2.56833	16.63571
2.5677	16.22302
2.56706	15.81836
2.56643	15.42422
2.56579	15.04169
2.56516	14.68208
2.56452	14.37991
2.56389	14.19429
2.56326	14.18356
2.56262	14.35898
2.56199	14.65824
2.56136	14.97187
2.56072	15.19851
2.56009	15.28052
2.55946	15.20695
2.55883	14.99863
2.5582	14.69204
2.55757	14.32767
2.55694	13.94248
2.55631	13.56589
2.55568	13.21835
2.55505	12.91279
2.55442	12.65798
2.55379	12.46298
2.55316	12.34043
2.55253	12.30745
2.5519	12.3833
2.55127	12.58387
2.55065	12.91387
2.55002	13.35845
2.54939	13.87925
2.54877	14.41764
2.54814	14.90771
2.54751	15.29361
2.54689	15.54481
2.54626	15.66245
2.54564	15.67471
2.54501	15.6248
2.54439	15.5553
2.54377	15.49361
2.54314	15.44429
2.54252	15.39274
2.54189	15.31849
2.54127	15.20997
2.54065	15.07242
2.54003	14.92733
2.53941	14.80655
2.53878	14.74467
2.53816	14.77018
2.53754	14.89561
2.53692	15.10908
2.5363	15.37202
2.53568	15.62638
2.53506	15.80972
2.53444	15.87285
2.53382	15.79493
2.5332	15.59269
2.53258	15.3205
2.53197	15.05764
2.53135	14.88566
2.53073	14.86289
2.53011	15.00714
2.5295	15.29233
2.52888	15.65782
2.52826	16.02604
2.52765	16.32315
2.52703	16.49711
2.52641	16.52905
2.5258	16.43318
2.52518	16.24566
2.52457	16.00772
2.52395	15.75129
2.52334	15.49394
2.52273	15.24462
2.52211	15.01538
2.5215	14.83142
2.52089	14.73328
2.52027	14.76813
2.51966	14.9728
2.51905	15.35548
2.51844	15.88472
2.51783	16.49289
2.51722	17.09465
2.51661	17.61356
2.51599	18.00454
2.51538	18.26181
2.51477	18.41084
2.51417	18.48996
2.51356	18.53185
2.51295	18.55312
2.51234	18.55471
2.51173	18.53126
2.51112	18.48332
2.51051	18.42442
2.50991	18.38006
2.5093	18.37833
2.50869	18.43846
2.50808	18.56305
2.50748	18.73924
2.50687	18.94759
2.50627	19.17416
2.50566	19.41855
2.50506	19.69302
2.50445	20.01157
2.50385	20.37473
2.50324	20.75842
2.50264	21.11442
2.50203	21.38402
2.50143	21.51999
2.50083	21.50648
2.50022	21.36966
2.49962	