300	0.03042
300.5	0.03814
301	0.06128
301.5	0.08801
302	0.09713
302.5	0.14607
303	0.24888
303.5	0.32029
304	0.33982
304.5	0.43117
305	0.59557
305.5	0.67907
306	0.67667
306.5	0.7712
307	1.0164
307.5	1.29787
308	1.38353
308.5	1.51667
309	1.48653
309.5	1.57813
310	1.85507
310.5	2.39193
311	3.02613
311.5	3.07707
312	3.3932
312.5	3.5844
313	3.8882
313.5	3.93327
314	4.35107
314.5	4.6984
315	4.9124
315.5	4.3222
316	4.47253
316.5	5.40787
317	6.20133
317.5	6.64747
318	6.38767
318.5	6.67
319	7.314
319.5	7.12867
320	7.518
320.5	8.87
321	8.94267
321.5	8.54467
322	8.13333
322.5	7.98
323	7.74867
323.5	8.92867
324	9.90133
324.5	10.31133
325	10.336
325.5	11.95733
326	13.912
326.5	14.77467
327	14.556
327.5	14.19
328	13.182
328.5	13.78333
329	15.53133
329.5	17.24267
330	17.46133
330.5	16.06867
331	15.22333
331.5	15.75667
332	16.33867
332.5	16.43667
333	16.17533
333.5	15.51
334	15.882
334.5	16.956
335	17.65133
335.5	17.26267
336	15.87533
336.5	14.73267
337	14.51133
337.5	15.62267
338	16.88067
338.5	17.69933
339	18.064
339.5	18.56467
340	19.77267
340.5	19.78267
341	18.62133
341.5	18.56867
342	19.414
342.5	20.19733
343	20.57133
343.5	19.49733
344	16.90133
344.5	16.29267
345	18.56933
345.5	19.84067
346	19.42133
346.5	19.83133
347	20.212
347.5	19.56733
348	19.53733
348.5	19.92267
349	19.24267
349.5	19.81333
350	21.942
350.5	23.64733
351	23.06867
351.5	22.25867
352	21.78267
352.5	20.636
353	21.98333
353.5	24.234
354	25.682
354.5	26.02867
355	26.09333
355.5	25.252
356	23.75133
356.5	22.33
357	19.68467
357.5	19.96667
358	18.624
358.5	17.332
359	20.43333
359.5	24.67533
360	26.16
360.5	24.778
361	22.852
361.5	22.43133
362	23.56667
362.5	25.86933
363	26.67
363.5	25.996
364	26.98133
364.5	26.786
365	27.87333
365.5	30.74
366	33.00533
366.5	33.12933
367	32.57933
367.5	32.02733
368	30.21267
368.5	30.07067
369	31.496
369.5	33.904
370	34.444
370.5	31.19867
371	31.752
371.5	33.058
372	31.004
372.5	29.59267
373	28.55533
373.5	25.788
374	25.76733
374.5	25.62333
375	27.39133
375.5	30.34267
376	31.47867
376.5	31.02533
377	33.34267
377.5	37.26
378	40.20933
378.5	39.26133
379	35.07733
379.5	31.50333
380	33.16733
380.5	35.59733
381	36.28267
381.5	32.75667
382	27.972
382.5	24.24067
383	21.76533
383.5	21.10533
384	24.45933
384.5	29.49267
385	32.42533
385.5	31.03267
386	29.98933
386.5	31.232
387	31.562
387.5	31.154
388	30.9
388.5	30.73067
389	33.414
389.5	37.09133
390	38.97133
390.5	39.35867
391	41.756
391.5	42.41133
392	39.104
392.5	32.64067
393	23.668
393.5	18.848
394	24.52
394.5	33.874
395	40.064
395.5	42.734
396	37.62867
396.5	27.40067
397	21.25467
397.5	31.434
398	42.62933
398.5	50.41467
399	53.60533
399.5	55.32
400	55.99267
401	58.46067
402	60.92467
403	58.80733
404	59.89933
405	58.566
406	57.252
407	56.36333
408	58.992
409	63.14467
410	53.94
411	60.51333
412	64.45733
413	61.96733
414	61.42267
415	63.71267
416	65.752
417	64.26133
418	61.59467
419	64.236
420	58.978
421	67.11333
422	66.33267
423	64.354
424	64.12133
425	66.208
426	64.44467
427	62.36667
428	63.08333
429	58.51067
430	46.756
431	42.51933
432	70.85333
433	66.03333
434	61.102
435	67.13333
436	73.74
437	75.37333
438	66.24533
439	63.83533
440	73.28667
441	72.39333
442	77.6
443	78.82
444	76.91333
445	79.94667
446	71.77333
447	81.71333
448	82.81333
449	82.72667
450	85.87333
451	89.17333
452	85.48
453	79.02667
454	84.86667
455	84.36667
456	87.25333
457	88.08667
458	86.30667
459	85.72667
460	85.27333
461	88.36667
462	89.28
463	89.68
464	87.03333
465	86.03333
466	87.93333
467	84.10667
468	87.85333
469	88.31333
470	84.99333
471	86.5
472	91.07333
473	87.62667
474	88.69333
475	91.7
476	88.66
477	89.28
478	92.26
479	90.57333
480	92.16667
481	92.24
482	92.66
483	91.61333
484	89.94667
485	89.71333
486	72.78667
487	81.56667
488	88.34667
489	83.28
490	93.12
491	89.56667
492	85.45333
493	91.46
494	89.34667
495	94.92
496	90.32
497	91.92
498	89.47333
499	89.52667
500	89.27333
501	86.6
502	86.60667
503	90.64667
504	84.54667
505	90.65333
506	94.35333
507	90.32
508	88.06667
509	92.33333
510	89.98
511	91.68667
512	94.16667
513	88.51333
514	86.68667
515	89.23333
516	90.09333
517	73.44667
518	84.03333
519	81.48
520	88.99333
521	89.68
522	91.73333
523	86.50667
524	93.08
525	92.39333
526	89.86
527	78.63333
528	90.05333
529	94.28
530	90.65333
531	95.65333
532	93.96
533	83.93333
534	89.94
535	91.34
536	95.28
537	88.19333
538	92.64
539	90.38667
540	87.30667
541	83.96667
542	91.42667
543	89.95333
544	93.14
545	91.04667
546	90.24
547	91.44667
548	88.87333
549	91.68
550	90.98667
551	90.92667
552	92.82
553	90.22
554	92.01333
555	92.55333
556	91.00667
557	88.80667
558	90.75333
559	85.9
560	87.45333
561	92.56667
562	88.16667
563	91.54
564	89.77333
565	90.36667
566	85.48667
567	91.15333
568	90.36
569	88.18667
570	88.26667
571	85.4
572	90.22667
573	90.63333
574	90.18
575	88.16667
576	87.45333
577	89.68
578	86.93333
579	88.2
580	89.7
581	90.12
582	91.52667
583	92.48
584	92.3
585	91.58
586	89.39333
587	91.38667
588	89.35333
589	77.21333
590	82.10667
591	87.80667
592	86
593	87.24
594	86.86
595	85.8
596	88.4
597	88.68667
598	87.61333
599	87.63333
600	88.52
601	87.48667
602	86.18667
603	88.03333
604	89.59333
605	89.45333
606	89.02
607	89.56
608	89.28
609	88.61333
610	88.24667
611	87.8
612	89.13333
613	87.88
614	85.22
615	88.36
616	86.04
617	84.96
618	88.18667
619	88.61333
620	88.66
621	89.06
622	85.88
623	85.28667
624	85.00667
625	84.44667
626	84.36667
627	86.81333
628	82.18667
629	85.05333
630	83.92667
631	85.32667
632	82.18
633	87.4
634	86.04667
635	87.1
636	85.12
637	88.02667
638	88.61333
639	88.25333
640	86.41333
641	86.46667
642	86.63333
643	87.53333
644	87.16
645	87.8
646	85.31333
647	84.96
648	84.16667
649	81.56
650	81.99333
651	87.14
652	83.72
653	86.33333
654	85.38
655	81.46667
656	71.51333
657	74.78667
658	83.6
659	83.90667
660	84.45333
661	84.12
662	83.45333
663	83.59333
664	84.31333
665	85.80667
666	85.73333
667	85.11333
668	85.4
669	86.88
670	85.68667
671	85.52667
672	84.34
673	85.06667
674	84.94667
675	84.26
676	85.24
677	84.46
678	84.91333
679	84.19333
680	84.33333
681	84.00667
682	84.41333
683	83.50667
684	82.96667
685	83.02667
686	81.16
687	58.85667
688	67.96667
689	68.4
690	71.64
691	74.67333
692	76.77333
693	76.30667
694	75.45333
695	76.92
696	76.75333
697	81.00667
698	79.74
699	78.14
700	77.57333
701	76.59333
702	76.66667
703	77.11333
704	79.09333
705	79.92667
706	79.5
707	79.16667
708	78.92667
709	79.2
710	79.69333
711	79.56
712	79.04
713	78.12667
714	78.82
715	76.18667
716	76.98667
717	67.20667
718	62.582
719	56.18267
720	59.96
721	65.978
722	75.20667
723	69.48667
724	64.20333
725	63.16067
726	65.75867
727	65.992
728	63.312
729	63.66867
730	68.62667
731	65.13467
732	70.13333
733	72.67333
734	75.07333
735	74.00667
736	73.29333
737	73.18667
738	74.56
739	72.36667
740	74.12667
741	73.85333
742	73.89333
743	75.44
744	76.05333
745	76.02667
746	75.87333
747	75.92667
748	75.48667
749	75.24
750	75.15333
751	74.82667
752	75.1
753	74.73333
754	75.68667
755	75.47333
756	74.56667
757	74.50667
758	74.97333
759	72.88
760	16.47733
761	9.552
762	42.32733
763	23.478
764	33.25667
765	42.25133
766	50.05333
767	59.716
768	68.14667
769	68.98
770	70.97333
771	71.44
772	72.01333
773	71.98
774	72
775	72.00667
776	72.18
777	71.76
778	71.69333
779	72.02
780	71.24667
781	71.08
782	71.42667
783	71.14667
784	70.68
785	70.99333
786	71.04
787	70.2
788	69.32667
789	69.06
790	66.96667
791	67.86
792	67.22667
793	66.76667
794	67.34
795	67.10667
796	65.99
797	67.04667
798	68.3
799	66.98667
800	65.906
801	66.652
802	66.74
803	65.52533
804	66.30133
805	64.84667
806	67.48
807	66.78667
808	66.56267
809	64.902
810	64.992
811	64.84867
812	63.25467
813	62.15733
814	55.78733
815	55.28467
816	51.44733
817	52.656
818	50.866
819	55.896
820	53.266
821	61.528
822	58.72067
823	41.71733
824	57.746
825	59.83467
826	57.68667
827	60.78533
828	52.58
829	57.42333
830	56.62
831	57.11067
832	55.30733
833	59.08133
834	57.73867
835	61.94467
836	60.09
837	62.32867
838	61.72333
839	61.85533
840	62.74933
841	62.41733
842	61.60733
843	62.114
844	60.956
845	62.81733
846	62.96467
847	61.298
848	61.34
849	60.96467
850	55.26667
851	60.30267
852	59.96133
853	59.69333
854	52.66667
855	56.49733
856	60.22867
857	61.37267
858	61.396
859	61.38733
860	61.176
861	61.09867
862	61.578
863	61.956
864	60.63733
865	59.658
866	52.588
867	56.71067
868	59.42667
869	58.83467
870	59.95533
871	59.114
872	59.92467
873	59.33267
874	58.30067
875	57.46933
876	59.08333
877	59.29867
878	59.07133
879	58.096
880	58.28933
881	56.37533
882	57.858
883	57.66267
884	57.906
885	58.60867
886	56.34333
887	56.53267
888	57.266
889	58.02733
890	57.38533
891	57.50333
892	56.45867
893	54.27467
894	52.942
895	50.63733
896	47.51
897	41.54
898	44.758
899	34.30733
900	46.286
901	37.44133
902	41.66667
903	42.98867
904	52.57467
905	50.89133
906	48.33467
907	39.88867
908	40.72733
909	43.94133
910	39.03533
911	41.72
912	43.00533
913	39.27067
914	39.16
915	42.36667
916	36.066
917	45.56667
918	37.07467
919	46.10733
920	46.438
921	48.66933
922	43.72267
923	46.46533
924	45.04733
925	44.414
926	43.91667
927	49.12267
928	36.90867
929	34.528
930	27.11933
931	25.69333
932	18.924
933	15.63933
934	9.06933
935	15.79333
936	10.178
937	10.302
938	12.64133
939	25.06067
940	29.60733
941	23.38067
942	25.46133
943	17.526
944	17.99133
945	23.15267
946	12.27267
947	23.34
948	17.274
949	31.00933
950	9.296
951	30.37533
952	16.94533
953	21.628
954	26.65867
955	21.46933
956	20.664
957	17.06067
958	28.96867
959	23.52933
960	26.45667
961	28.98733
962	27.776
963	31.72333
964	28.828
965	31.646
966	31.58467
967	31.56867
968	40.86733
969	42.98667
970	39.79267
971	44.706
972	43.086
973	38.054
974	36.11333
975	37.024
976	35.91467
977	40.056
978	38.602
979	40.03067
980	37.96067
981	44.70533
982	43.40133
983	41.94333
984	46.19333
985	43.156
986	47.03533
987	46.326
988	46.03933
989	46.92733
990	45.89533
991	47.222
992	47.06467
993	46.21667
994	47.26067
995	47.11533
996	46.93933
997	46.37
998	46.32067
999	46.30333
1000	46.106
1001	46.67533
1002	45.66533
1003	46.05733
1004	45.37067
1005	42.76
1006	44.698
1007	45.642
1008	45.60467
1009	45.16133
1010	45.13
1011	45.356
1012	45.11133
1013	45.03733
1014	45.232
1015	44.45067
1016	44.65067
1017	44.158
1018	44.842
1019	43.25333
1020	43.89267
1021	44.07133
1022	43.32
1023	43.66
1024	43.38467
1025	43.818
1026	43.75
1027	43.54533
1028	43.59867
1029	43.12467
1030	43.39467
1031	43.19933
1032	43.23467
1033	42.50067
1034	42.75733
1035	42.89867
1036	42.882
1037	42.44267
1038	42.24067
1039	42.53467
1040	42.244
1041	42.25267
1042	42.27067
1043	41.84867
1044	42.04467
1045	41.808
1046	40.71867
1047	41.33867
1048	41.706
1049	41.47067
1050	41.20133
1051	41.24133
1052	40.99133
1053	40.868
1054	40.69867
1055	40.828
1056	40.70333
1057	40.60667
1058	40.19067
1059	38.96867
1060	40.04867
1061	39.12933
1062	39.85467
1063	39.21
1064	39.81467
1065	39.64067
1066	38.88667
1067	39.09133
1068	39.04067
1069	36.952
1070	38.11867
1071	38.86933
1072	38.796
1073	38.05733
1074	39.18667
1075	37.36933
1076	38.76067
1077	38.11667
1078	38.05067
1079	38.14
1080	37.67933
1081	36.64867
1082	37.182
1083	37.73533
1084	36.51667
1085	37.442
1086	34.99733
1087	35.79
1088	37.43933
1089	36.57067
1090	35.104
1091	37.148
1092	36.69867
1093	32.278
1094	34.08
1095	32.90867
1096	31.82067
1097	36.53667
1098	31.806
1099	32.10733
1100	30.742
1101	31.446
1102	29.67533
1103	29.52733
1104	29.608
1105	32.04333
1106	25.22667
1107	30.57733
1108	26.34467
1109	26.166
1110	30.33067
1111	21.048
1112	26.22
1113	17.066
1114	19.05067
1115	15.88867
1116	12.81533
1117	5.0776
1118	13.842
1119	7.214
1120	9.04133
1121	11.83533
1122	5.2106
1123	8.17
1124	6.93133
1125	9.196
1126	3.29293
1127	10.02133
1128	6.32973
1129	6.75533
1130	4.50453
1131	18.80067
1132	14.906
1133	9.774
1134	2.66587
1135	0.98793
1136	8.21333
1137	18.31467
1138	12.952
1139	18.98933
1140	16.298
1141	12.324
1142	14.32067
1143	19.83867
1144	7.22867
1145	9.31733
1146	10.05667
1147	3.781
1148	17.26533
1149	13.92933
1150	7.76533
1151	12.96867
1152	15.77733
1153	15.17467
1154	9.09533
1155	19.93533
1156	17.89133
1157	20.02667
1158	19.84667
1159	21.442
1160	18.24733
1161	22.11133
1162	22.27467
1163	29.76267
1164	25.55467
1165	24.72
1166	23.854
1167	26.07
1168	26.67867
1169	26.89867
1170	29.154
1171	28.5
1172	28.91333
1173	29.01467
1174	21.462
1175	28.76133
1176	30.298
1177	30.02667
1178	22.92733
1179	30.74267
1180	28.03467
1181	28.94867
1182	20.602
1183	27.902
1184	26.722
1185	25.93867
1186	30.34533
1187	28.996
1188	21.35933
1189	26.45667
1190	29.416
1191	28.42533
1192	30.114
1193	28.91333
1194	29.834
1195	28.44733
1196	27.45867
1197	30.35133
1198	27.61733
1199	23.246
1200	28.526
1201	27.82333
1202	27.82867
1203	27.62733
1204	23.09667
1205	27.80933
1206	30.58133
1207	27.36267
1208	27.586
1209	26.36533
1210	28.84467
1211	26.87933
1212	27.048
1213	29.86933
1214	27.62867
1215	27.234
1216	29.67267
1217	28.97133
1218	29.228
1219	28.426
1220	29.14933
1221	29.60867
1222	28.73067
1223	28.26667
1224	28.52533
1225	29.42733
1226	29.79733
1227	27.57333
1228	29.696
1229	29.73867
1230	29.28533
1231	30.04467
1232	29.68333
1233	28.906
1234	29.92867
1235	29.606
1236	29.86333
1237	29.506
1238	29.796
1239	29.46267
1240	29.34067
1241	29.42
1242	29.45267
1243	29.14133
1244	28.99933
1245	29.08133
1246	29.268
1247	29.14333
1248	29.21867
1249	29.28667
1250	29.12267
1251	28.84
1252	28.73733
1253	28.53533
1254	28.27733
1255	28.72533
1256	28.064
1257	27.75333
1258	28.366
1259	27.24533
1260	27.49
1261	26.24733
1262	25.24467
1263	25.53333
1264	23.712
1265	25.24733
1266	24.58733
1267	24.77267
1268	23.65
1269	15.77067
1270	24.72467
1271	26.04133
1272	26.076
1273	25.916
1274	25.90933
1275	26.30333
1276	26.59667
1277	26.794
1278	27.27733
1279	27.084
1280	26.92467
1281	26.36933
1282	23.79667
1283	25.98533
1284	26.84533
1285	27.05133
1286	27.252
1287	26.93667
1288	26.79467
1289	26.12933
1290	26.348
1291	26.66933
1292	25.29733
1293	26.33733
1294	25.806
1295	25.86733
1296	24.88133
1297	23.722
1298	25.024
1299	26.08467
1300	22.57
1301	23.152
1302	25.026
1303	22.13133
1304	19.23267
1305	24.522
1306	24.56867
1307	19.57467
1308	22.18467
1309	24.548
1310	19.272
1311	21.34133
1312	21.324
1313	20.05933
1314	18.46
1315	18.298
1316	20.742
1317	19.97933
1318	21.32267
1319	17.202
1320	16.576
1321	19.12267
1322	19.34867
1323	14.924
1324	16.82067
1325	20.62867
1326	17.97067
1327	17.062
1328	15.03667
1329	11.398
1330	14.70133
1331	9.30067
1332	9.364
1333	13.03
1334	10.868
1335	14.82933
1336	11.78
1337	10.568
1338	11.434
1339	11.35533
1340	10.81067
1341	10.946
1342	11.43267
1343	8.17267
1344	4.86787
1345	7.014
1346	3.74593
1347	3.87053
1348	0.30575
1349	1.04113
1350	1.03253
1351	0.29839
1352	0.09774
1353	0.00619
1354	0.0187
1355	2.32313E-4
1356	0.0031
1357	0.00463
1358	2.705E-4
1359	4.736E-5
1360	1.3804E-4
1361	3.1044E-7
1362	1.16593E-9
1363	2.036E-4
1364	8.76667E-5
1365	5.85553E-10
1366	8.25267E-4
1367	3.21073E-4
1368	9.54067E-12
1369	3.33387E-5
1370	1.8844E-5
1371	1.2734E-6
1372	1.77487E-4
1373	0.00287
1374	0.01157
1375	0.02087
1376	0.01662
1377	0.00792
1378	0.07161
1379	0.00337
1380	0.00527
1381	1.53187E-4
1382	1.65827E-4
1383	2.84353E-6
1384	3.98547E-5
1385	1.35033E-4
1386	1.6294E-4
1387	0.01286
1388	2.60247E-4
1389	0.03756
1390	0.03189
1391	0.02223
1392	0.00154
1393	0.00749
1394	0.00488
1395	4.34247E-5
1396	4.0892E-7
1397	0.00317
1398	0.08219
1399	0.05256
1400	2.10087E-7
1401	6.81267E-7
1402	0.11878
1403	0.15405
1404	0.04784
1405	2.35967E-5
1406	0.13241
1407	0.0113
1408	0.10682
1409	0.04011
1410	0.03022
1411	0.13696
1412	0.171
1413	1.51267
1414	0.02357
1415	0.0119
1416	2.30407
1417	0.76207
1418	0.8788
1419	0.13901
1420	0.53625
1421	0.59411
1422	3.00153
1423	0.59784
1424	1.10073
1425	1.67613
1426	1.80213
1427	3.212
1428	0.29573
1429	2.46567
1430	3.99413
1431	3.2528
1432	0.16349
1433	2.32467
1434	1.3602
1435	1.3898
1436	2.4884
1437	1.939
1438	0.86087
1439	3.31147
1440	2.5698
1441	2.06393
1442	2.35707
1443	2.92453
1444	4.00953
1445	3.22893
1446	1.49947
1447	2.351
1448	7.50267
1449	6.62493
1450	1.77993
1451	0.732
1452	4.04787
1453	5.3202
1454	8.92267
1455	4.29393
1456	5.74387
1457	7.59067
1458	8.84867
1459	10.57333
1460	5.54407
1461	5.85907
1462	8.472
1463	2.80707
1464	9.84667
1465	6.06073
1466	4.2332
1467	2.34187
1468	4.9952
1469	6.15627
1470	3.22647
1471	1.1596
1472	3.03773
1473	4.55787
1474	6.31767
1475	11.96933
1476	4.4658
1477	4.52773
1478	4.12167
1479	7.78667
1480	3.93753
1481	7.48067
1482	3.7978
1483	9.636
1484	8.91667
1485	8.112
1486	8.00533
1487	3.93613
1488	6.11027
1489	12.29533
1490	11.32867
1491	12.81467
1492	10.65733
1493	11.76733
1494	13.196
1495	11.83
1496	10.92333
1497	14.79867
1498	12.29133
1499	14.094
1500	16.226
1501	17.188
1502	15.12533
1503	11.98133
1504	10.39067
1505	11.92333
1506	16.684
1507	16.51933
1508	15.73733
1509	12.11267
1510	17.51267
1511	17.14
1512	16.87667
1513	15.696
1514	14.62
1515	17.20267
1516	16.62867
1517	16.14267
1518	16.326
1519	15.826
1520	17.12533
1521	17.80467
1522	17.078
1523	18.128
1524	17.82867
1525	16.76
1526	17.318
1527	16.97867
1528	18.08133
1529	17.64
1530	16.526
1531	17.46667
1532	18.026
1533	17.94533
1534	17.41467
1535	17.28267
1536	17.786
1537	17.70533
1538	17.618
1539	17.67933
1540	17.158
1541	17.42733
1542	17.44333
1543	17.626
1544	17.62867
1545	17.948
1546	17.80333
1547	17.69133
1548	17.28
1549	17.712
1550	17.484
1551	17.52867
1552	17.61
1553	17.57733
1554	17.15133
1555	17.33667
1556	17.046
1557	17.534
1558	17.39533
1559	17.36933
1560	17.214
1561	17.49467
1562	17.33533
1563	17.278
1564	17.01667
1565	17.31667
1566	17.004
1567	17.044
1568	16.66467
1569	16.49067
1570	15.66467
1571	15.23333
1572	15.40533
1573	15.16667
1574	15.64267
1575	15.52933
1576	15.98667
1577	13.996
1578	15.236
1579	15.33667
1580	15.848
1581	16.11
1582	15.672
1583	16.034
1584	16.12933
1585	16.75667
1586	16.55867
1587	16.386
1588	16.25867
1589	15.04467
1590	15.65733
1591	15.66867
1592	16.33467
1593	16.728
1594	16.59333
1595	16.722
1596	15.834
1597	15.99
1598	16.462
1599	15.674
1600	15.422
1601	14.46067
1602	14.52
1603	14.51
1604	14.798
1605	15.34
1606	15.63533
1607	15.09133
1608	14.89533
1609	14.72533
1610	14.09733
1611	14.69267
1612	14.948
1613	15.36467
1614	15.44133
1615	15.61333
1616	14.93
1617	15.19867
1618	15.77333
1619	15.61
1620	15.18867
1621	15.17667
1622	15.38733
1623	15.706
1624	15.72133
1625	15.406
1626	15.52933
1627	15.59867
1628	15.63067
1629	15.63733
1630	15.32267
1631	15.424
1632	15.434
1633	15.076
1634	15.08533
1635	15.14133
1636	15.25267
1637	14.70933
1638	14.262
1639	14.27333
1640	13.942
1641	14.232
1642	14.31133
1643	13.95933
1644	14.48867
1645	14.144
1646	14.098
1647	14.75667
1648	14.038
1649	14.174
1650	14.60133
1651	13.52067
1652	14.50267
1653	14.44067
1654	13.994
1655	14.41267
1656	14.32933
1657	14.40867
1658	14.58
1659	14.34267
1660	14.48067
1661	14.516
1662	14.20867
1663	14.42
1664	14.332
1665	13.738
1666	11.60733
1667	13.668
1668	13.92067
1669	13.95933
1670	14.382
1671	14.196
1672	13.72133
1673	14.03467
1674	14.00133
1675	13.862
1676	13.72267
1677	13.77867
1678	13.57667
1679	13.82733
1680	13.34467
1681	12.624
1682	13.22
1683	13.57133
1684	12.85533
1685	13.842
1686	13.65067
1687	13.30067
1688	13.64333
1689	13.452
1690	13.32733
1691	12.53867
1692	13.44933
1693	13.72467
1694	13.3
1695	13.618
1696	13.58867
1697	11.766
1698	13.47133
1699	13.34933
1700	12.976
1702	13.24933
1705	12.85
1710	12.21067
1715	12.32667
1720	12.154
1725	11.578
1730	11.31933
1735	10.50533
1740	10.93667
1745	10.07
1750	10.77467
1755	9.954
1760	10.40533
1765	8.64467
1770	9.22067
1775	7.47533
1780	6.54287
1785	5.0134
1790	5.78873
1795	3.0576
1800	2.07413
1805	0.96567
1810	0.63175
1815	0.21395
1820	0.06439
1825	0.08309
1830	3.39307E-4
1835	4.1856E-4
1840	4.08913E-6
1845	4.08653E-4
1850	1.95653E-4
1855	1.853E-5
1860	7.28E-4
1865	0.00111
1870	1.7432E-8
1875	2.95307E-8
1880	0.00507
1885	0.00288
1890	0.01464
1895	0.0085
1900	5.66107E-5
1905	3.71987E-5
1910	0.00152
1915	0.00131
1920	0.02963
1925	0.06155
1930	0.03632
1935	0.23619
1940	0.21571
1945	0.7138
1950	1.0988
1955	0.65907
1960	1.43793
1965	1.87427
1970	3.20367
1975	4.44867
1980	4.94893
1985	5.44167
1990	5.60827
1995	5.31913
2000	2.4994
2005	0.98313
2010	2.60473
2015	1.7472
2020	2.94927
2025	4.85193
2030	5.564
2035	6.32053
2040	5.8896
2045	5.97573
2050	4.45947
2055	3.606
2060	4.5438
2065	4.06413
2070	4.31433
2075	5.087
2080	5.70187
2085	5.5898
2090	5.85193
2095	5.89473
2100	5.65793
2105	6.11807
2110	5.888
2115	6.02053
2120	5.75207
2125	5.8202
2130	5.8948
2135	5.91193
2140	5.95933
2145	5.87547
2150	5.55793
2155	5.57107
2160	5.52747
2165	5.01167
2170	5.38507
2175	5.2838
2180	5.37313
2185	4.8972
2190	5.19367
2195	5.18887
2200	4.67833
2205	4.86313
2210	5.2116
2215	5.0126
2220	5.10873
2225	4.96
2230	4.9818
2235	4.886
2240	4.80933
2245	4.66073
2250	4.7356
2255	4.45767
2260	4.40953
2265	4.49033
2270	4.27587
2275	4.2206
2280	4.37007
2285	4.15927
2290	4.16893
2295	4.0402
2300	3.87953
2305	3.90293
2310	4.2126
2315	3.8352
2320	3.4326
2325	3.7084
2330	3.74873
2335	3.82413
2340	3.0244
2345	3.39127
2350	2.741
2355	3.13253
2360	3.31493
2365	3.2606
2370	2.03427
2375	2.9136
2380	2.80853
2385	2.035
2390	2.44987
2395	2.67993
2400	2.91507
2405	2.21907
2410	2.2336
2415	1.80387
2420	1.7572
2425	2.1868
2430	2.98167
2435	0.98433
2440	2.86173
2445	1.37713
2450	0.90153
2455	1.64633
2460	2.21047
2465	1.6006
