2465	27.858001
2460	60.048274
2455	43.095223
2450	54.040738
2445	71.273945
2440	70.347307
2435	63.181622
2430	60.783041
2425	79.178521
2420	76.582353
2415	73.856026
2410	75.215433
2405	82.532888
2400	78.745669
2395	82.272124
2390	78.378589
2385	79.911369
2380	76.200384
2375	78.322729
2370	74.597434
2365	80.228024
2360	80.413856
2355	82.552954
2350	83.028115
2345	85.437838
2340	87.021805
2335	84.989326
2330	83.421072
2325	84.03593
2320	83.905417
2315	81.605894
2310	77.862881
2305	74.990127
2300	73.111193
2295	70.940204
2290	71.47503
2285	76.674617
2280	77.728464
2275	78.562085
2270	80.631283
2265	83.256285
2260	84.852656
2255	85.056379
2250	86.365425
2245	87.414699
2240	87.831666
2235	86.282978
2230	87.412987
2225	88.914049
2220	88.475527
2215	89.041376
2210	90.285733
2205	90.322428
2200	89.826427
2195	89.342592
2190	90.156692
2185	91.226479
2180	91.569689
2175	90.189536
2170	90.544013
2165	91.818135
2160	91.610525
2155	89.797082
2150	89.944167
2145	90.981746
2140	91.308453
2135	90.185995
2130	90.759255
2125	91.569086
2120	91.139985
2115	90.485663
2110	91.162454
2105	92.279339
2100	91.695604
2095	90.890192
2090	91.612299
2085	92.291833
2080	92.025397
2075	91.647756
2070	91.988662
2065	92.718195
2060	92.601419
2055	92.70295
2050	93.232288
2045	93.391179
2040	93.302302
2035	93.058456
2030	93.360199
2025	93.677995
2020	93.723303
2015	93.690932
2010	93.967082
2005	94.464673
2000	94.549003
1995	94.30162
1990	94.248296
1985	94.543612
1980	94.587619
1975	94.214603
1970	94.366161
1965	94.65814
1960	94.635181
1955	94.445256
1950	94.443764
1945	94.857118
1940	94.75136
1935	94.23387
1930	94.510253
1925	95.121424
1920	95.156973
1915	95.093293
1910	95.321989
1905	95.633383
1900	96.030746
1895	96.099202
1890	96.165506
1885	96.274105
1880	96.515344
1875	96.281218
1870	96.223124
1865	96.295489
1860	96.268228
1855	96.036328
1850	95.901804
1845	96.02779
1840	96.336924
1835	96.291845
1830	96.370393
1825	96.624104
1820	96.97589
1815	96.908287
1810	96.884139
1805	96.985758
1800	96.929717
1795	96.407699
1790	96.128756
1785	96.027114
1780	96.025314
1775	96.058873
1770	95.918998
1765	95.384565
1760	94.671314
1755	93.634422
1750	92.959643
1745	92.788216
1740	93.136401
1735	93.665452
1730	94.483245
1725	95.225916
1720	95.419343
1715	94.997034
1710	94.340444
1705	93.692212
1700	93.195037
1695	93.138159
1690	93.717747
1685	94.747565
1680	95.716641
1675	96.488295
1670	97.054345
1665	97.352549
1660	97.14117
1655	97.492196
1650	97.480569
1645	97.503565
1640	97.309609
1635	97.796544
1630	97.875489
1625	97.891475
1620	97.661251
1615	97.948396
1610	97.951559
1605	97.889479
1600	97.623241
1595	97.911465
1590	97.952533
1585	97.903494
1580	97.561046
1575	97.904284
1570	97.835573
1565	97.824873
1560	97.364038
1555	97.816714
1550	97.745625
1545	97.676372
1540	97.289588
1535	97.646994
1530	97.649273
1525	97.724447
1520	97.672394
1515	97.576361
1510	97.720307
1505	97.763125
1500	97.641343
1495	97.743157
1490	97.881988
1485	97.825207
1480	97.680657
1475	97.873858
1470	97.878479
1465	97.777781
1460	97.647274
1455	97.868152
1450	97.822035
1445	97.779073
1440	97.575795
1435	97.5953
1430	97.639634
1425	97.566719
1420	97.38161
1415	97.250634
1410	97.169775
1405	97.014545
1400	96.800807
1395	97.152205
1390	97.223219
1385	97.350732
1380	97.26771
1375	97.560806
1370	97.638602
1365	97.76089
1360	97.956199
1355	97.845867
1350	97.905035
1345	98.090611
1340	98.067791
1335	97.919353
1330	98.065675
1325	98.055911
1320	98.155924
1315	98.053982
1310	98.127891
1305	98.145277
1300	98.165366
1295	98.058815
1290	98.148959
1285	98.122531
1280	98.077777
1275	98.01962
1270	98.143736
1265	98.203118
1260	98.106574
1255	98.061323
1250	98.101457
1245	98.135864
1240	98.179486
1235	98.07805
1230	98.126998
1225	98.108867
1220	98.043395
1215	97.923735
1210	97.932404
1205	97.790067
1200	97.616299
1195	97.266791
1190	97.152527
1185	97.122349
1180	97.218441
1175	97.286479
1170	97.541624
1165	97.779831
1160	97.877593
1155	97.750891
1150	97.973646
1145	98.089352
1140	98.051336
1135	97.967536
1130	98.175451
1125	98.229408
1120	98.188853
1115	98.031912
1110	98.215229
1105	98.247024
1100	98.289959
1095	98.066566
1090	98.265117
1085	98.351558
1080	98.261249
1075	98.093426
1070	98.305042
1065	98.334801
1060	98.255998
1055	98.076656
1050	98.400946
1045	98.385168
1040	98.27032
1035	98.06843
1030	98.36706
1025	98.330616
1020	98.23141
1015	98.071824
1010	98.511185
1005	98.58104
1000	98.421851
995	98.168576
990	98.493837
985	98.546158
980	98.303645
975	98.060739
970	98.532891
965	98.526993
960	98.129951
955	97.886797
950	98.48684
945	98.509846
940	98.186839
935	97.884274
930	98.310792
925	98.335937
920	97.922085
915	97.644323
910	98.282336
905	98.341884
900	97.694361
895	97.06159
890	97.857616
885	98.141532
880	97.202321
875	96.606206
870	97.887896
865	98.368536
860	96.209178
855	96.241886
850	96.384399
845	96.60648
840	96.877894
835	97.168407
830	97.447781
825	97.685782
820	97.852174
815	98.137324
810	98.373573
805	98.590288
800	98.565355
795	98.398647
790	98.590274
785	98.702375
780	98.812438
775	98.84424
770	98.814452
765	98.891998
760	98.957857
755	98.892996
750	98.929776
745	98.885572
740	98.872989
735	98.892614
730	98.840728
725	98.812697
720	98.817131
715	98.789453
710	98.81473
705	98.829836
700	98.751704
695	98.769911
690	98.770485
685	98.775547
680	98.792562
675	98.788918
670	98.793239
665	98.806187
660	98.833107
655	98.814117
650	98.845187
645	98.850172
640	98.866729
635	98.905208
630	98.912311
625	98.896467
620	98.876386
615	98.861506
610	98.84487
605	98.840269
600	98.830317
595	98.918846
590	98.894822
585	98.903377
580	98.949171
575	98.953858
570	98.959989
565	98.983841
560	98.989067
555	98.984955
550	98.972194
545	99.010846
540	99.046768
535	99.039539
530	99.044369
525	99.085213
520	99.098153
515	99.105384
510	99.141556
505	99.164642
500	99.174698
495	99.170904
490	99.090362
485	99.012407
480	99.046827
475	99.160519
470	99.251365
465	99.295734
460	99.353977
455	99.408761
450	99.404022
445	99.324636
440	99.327172
435	99.395624
430	99.417206
425	99.335117
420	98.936165
415	97.512478
410	92.933726
405	82.632693
400	67.743604
395	53.514523
390	43.686283
385	38.320806
380	35.753937
375	35.858714
370	35.933611
365	35.910804
360	35.876341
355	35.828972
350	35.796951
345	35.770446
340	35.774912
335	35.872805
330	35.984566
325	36.128724
320	36.268909
315	35.759669
310	35.369638
305	35.710472
300	36.060553